0, 0, 6, 0, 5, 0, 0, 0, 0, 3300, 0, 0, 0, 2798, 0, 121, 11, 193, 31, 342, 253, 1, 0, 0, 0, 350, 170, 309, 334, 0, 3, 0, 0, 1075, 64936, 10, 0, 0, 1718187359.289328
0, 0, 6, 0, 5, 0, 0, 0, 0, 3300, 0, 0, 0, 2798, 0, 119, 11, 193, 31, 342, 253, 1, 0, 0, 0, 350, 170, 309, 334, 0, 3, 0, 0, 1075, 64936, 10, 0, 0, 1718187359.401362
0, 0, 6, 0, 5, 0, 0, 0, 0, 3300, 0, 0, 0, 2798, 0, 119, 11, 193, 31, 342, 253, 1, 0, 0, 0, 350, 170, 309, 334, 0, 3, 0, 0, 1075, 64936, 10, 0, 0, 1718187359.513385
0, 0, 6, 0, 5, 0, 0, 0, 0, 3300, 0, 0, 0, 2798, 0, 119, 11, 193, 31, 342, 253, 1, 0, 0, 0, 350, 170, 309, 334, 0, 3, 0, 0, 1075, 64936, 10, 0, 0, 1718187359.6213162
0, 0, 6, 0, 5, 0, 0, 0, 0, 3300, 0, 0, 0, 2796, 0, 119, 11, 193, 31, 342, 253, 1, 0, 0, 0, 350, 170, 309, 334, 0, 3, 0, 0, 1075, 64936, 10, 0, 0, 1718187359.737258
0, 0, 6, 0, 5, 0, 0, 0, 0, 3300, 0, 0, 0, 2796, 0, 121, 11, 193, 31, 342, 253, 1, 0, 0, 0, 350, 170, 309, 334, 0, 3, 0, 0, 1075, 64936, 10, 0, 0, 1718187359.849045
0, 0, 6, 0, 5, 0, 0, 0, 0, 3300, 0, 0, 0, 2796, 0, 121, 11, 193, 31, 342, 253, 1, 0, 0, 0, 350, 170, 309, 334, 0, 3, 0, 0, 1075, 64936, 10, 0, 0, 1718187359.959318
0, 0, 6, 0, 5, 0, 0, 0, 0, 3300, 0, 0, 0, 2796, 0, 121, 11, 193, 31, 342, 253, 0, 0, 0, 0, 350, 170, 309, 334, 0, 3, 0, 0, 1075, 64936, 0, 0, 0, 1718187360.0697842
0, 0, 6, 0, 5, 0, 0, 0, 0, 3300, 0, 0, 0, 2796, 0, 121, 11, 193, 31, 342, 253, 0, 0, 0, 0, 350, 170, 309, 334, 0, 3, 0, 0, 1075, 64936, 0, 0, 0, 1718187360.177411
0, 0, 6, 0, 5, 0, 0, 0, 0, 3300, 0, 0, 0, 2793, 0, 118, 11, 193, 31, 342, 253, 0, 0, 0, 0, 350, 170, 309, 334, 0, 3, 0, 0, 1075, 64936, 0, 0, 0, 1718187360.2890182
0, 0, 6, 0, 5, 0, 0, 0, 0, 3300, 0, 0, 0, 2793, 0, 118, 11, 193, 31, 342, 253, 0, 0, 0, 0, 350, 170, 309, 334, 0, 3, 0, 0, 1075, 64936, 0, 0, 0, 1718187360.3996139
0, 0, 6, 0, 5, 0, 0, 0, 0, 3300, 0, 0, 0, 2793, 0, 118, 11, 193, 31, 342, 253, 0, 0, 0, 0, 350, 170, 309, 334, 0, 3, 0, 0, 1075, 64936, 0, 0, 0, 1718187360.506398
0, 0, 6, 0, 5, 0, 0, 0, 0, 3300, 0, 0, 0, 2793, 0, 118, 11, 193, 31, 342, 253, 0, 0, 0, 0, 350, 170, 309, 334, 0, 3, 0, 0, 1075, 64936, 0, 0, 0, 1718187360.616671
0, 0, 6, 0, 5, 0, 0, 0, 0, 3300, 0, 0, 0, 2793, 0, 118, 11, 193, 31, 342, 253, 0, 0, 0, 0, 350, 170, 309, 334, 0, 3, 0, 0, 1075, 64936, 0, 0, 0, 1718187360.7245922
0, 0, 6, 0, 5, 0, 0, 0, 0, 3300, 0, 0, 0, 2790, 0, 122, 11, 207, 31, 344, 254, 1, 0, 0, 0, 350, 171, 310, 334, 0, 3, 0, 0, 1075, 64936, 18, 0, 0, 1718187360.83804
0, 0, 6, 0, 5, 0, 0, 0, 0, 3300, 0, 0, 0, 2790, 0, 122, 11, 207, 31, 344, 254, 1, 0, 0, 0, 350, 171, 310, 334, 0, 3, 0, 0, 1075, 64936, 18, 0, 0, 1718187360.950851
0, 0, 6, 0, 5, 0, 0, 0, 0, 3300, 0, 0, 0, 2790, 0, 122, 11, 207, 31, 344, 254, 0, 0, 0, 0, 350, 171, 310, 334, 0, 3, 0, 0, 1075, 64936, 0, 0, 0, 1718187361.061343
0, 0, 6, 0, 5, 0, 0, 0, 0, 3300, 0, 0, 0, 2790, 0, 122, 11, 207, 31, 344, 254, 0, 0, 0, 0, 350, 171, 310, 334, 0, 3, 0, 0, 1075, 64936, 0, 0, 0, 1718187361.17269
0, 0, 6, 0, 5, 0, 0, 0, 0, 3300, 0, 0, 0, 2787, 0, 120, 11, 207, 31, 344, 254, 0, 0, 0, 0, 350, 171, 310, 334, 0, 3, 0, 0, 1075, 64936, 0, 0, 0, 1718187361.287168
0, 0, 6, 0, 5, 0, 0, 0, 0, 3300, 0, 0, 0, 2787, 0, 120, 11, 207, 31, 344, 254, 0, 0, 0, 0, 350, 171, 310, 334, 0, 3, 0, 0, 1075, 64936, 0, 0, 0, 1718187361.401702
0, 0, 6, 0, 5, 0, 0, 0, 0, 3300, 0, 0, 0, 2787, 0, 120, 11, 207, 31, 344, 254, 0, 0, 0, 0, 350, 171, 310, 334, 0, 3, 0, 0, 1075, 64936, 0, 0, 0, 1718187361.510315
0, 0, 6, 0, 5, 0, 0, 0, 0, 3300, 0, 0, 0, 2787, 0, 120, 11, 207, 31, 344, 254, 0, 0, 0, 0, 350, 171, 310, 334, 0, 3, 0, 0, 1075, 64936, 0, 0, 0, 1718187361.61923
0, 0, 6, 0, 5, 0, 0, 0, 0, 3300, 0, 0, 0, 2785, 0, 120, 11, 189, 31, 344, 254, 0, 0, 0, 0, 350, 171, 309, 334, 0, 3, 0, 0, 1075, 64936, 0, 0, 0, 1718187361.731036
0, 0, 6, 0, 5, 0, 0, 0, 0, 3300, 0, 0, 0, 2785, 0, 120, 11, 189, 31, 344, 254, 0, 0, 0, 0, 350, 171, 309, 334, 0, 3, 0, 0, 1075, 64936, 0, 0, 0, 1718187361.841449
0, 0, 6, 0, 5, 0, 0, 0, 0, 3300, 0, 0, 0, 2782, 0, 120, 11, 189, 31, 338, 249, 0, 0, 0, 0, 350, 171, 310, 334, 0, 3, 0, 0, 1075, 64936, 0, 0, 0, 1718187361.94993
0, 0, 6, 0, 5, 0, 0, 0, 0, 3300, 0, 0, 0, 2782, 0, 120, 11, 189, 31, 338, 249, 0, 0, 0, 0, 350, 171, 310, 334, 0, 3, 0, 0, 1075, 64936, 0, 0, 0, 1718187362.059371
0, 0, 6, 0, 5, 0, 0, 0, 0, 3300, 0, 0, 0, 2782, 0, 120, 11, 189, 31, 338, 249, 0, 0, 0, 0, 350, 171, 310, 334, 0, 3, 0, 0, 1075, 64936, 0, 0, 0, 1718187362.170923
0, 0, 6, 0, 5, 0, 0, 0, 0, 3300, 0, 0, 0, 2782, 0, 120, 11, 189, 31, 338, 249, 0, 0, 0, 0, 350, 171, 310, 334, 0, 3, 0, 0, 1075, 64936, 0, 0, 0, 1718187362.2813408
0, 0, 6, 0, 5, 0, 0, 0, 0, 3300, 0, 0, 0, 2779, 0, 121, 11, 189, 31, 338, 249, 0, 0, 0, 0, 350, 171, 310, 334, 0, 3, 0, 0, 1075, 64936, 0, 0, 0, 1718187362.3909519
0, 0, 6, 0, 5, 0, 0, 0, 0, 3300, 0, 0, 0, 2779, 0, 121, 11, 189, 31, 338, 249, 0, 0, 0, 0, 350, 171, 310, 334, 0, 3, 0, 0, 1075, 64936, 0, 0, 0, 1718187362.501784
0, 0, 6, 0, 5, 0, 0, 0, 0, 3300, 0, 0, 0, 2779, 0, 121, 11, 189, 31, 338, 249, 0, 0, 0, 0, 350, 171, 310, 334, 0, 3, 0, 0, 1075, 64936, 0, 0, 0, 1718187362.6115909
0, 0, 6, 0, 5, 0, 0, 0, 0, 3300, 0, 0, 0, 2779, 0, 121, 11, 189, 31, 338, 249, 0, 0, 0, 0, 350, 171, 310, 334, 0, 3, 0, 0, 1075, 64936, 0, 0, 0, 1718187362.720565
0, 0, 6, 0, 5, 0, 0, 0, 0, 3300, 0, 0, 0, 2777, 0, 121, 11, 189, 31, 338, 249, 0, 0, 0, 0, 350, 171, 310, 334, 0, 3, 0, 0, 1075, 64936, 0, 0, 0, 1718187362.833129
0, 0, 6, 0, 5, 0, 0, 0, 0, 3300, 0, 0, 0, 2777, 0, 120, 11, 189, 31, 338, 249, 0, 0, 0, 0, 350, 171, 310, 334, 0, 3, 0, 0, 1075, 64936, 0, 0, 0, 1718187362.9467251
0, 0, 6, 0, 5, 0, 0, 0, 0, 3300, 0, 0, 0, 2777, 0, 120, 11, 189, 31, 338, 249, 0, 0, 0, 0, 350, 171, 310, 334, 0, 3, 0, 0, 1075, 64936, 0, 0, 0, 1718187363.0580852
0, 0, 6, 0, 5, 0, 0, 0, 0, 3300, 0, 0, 0, 2777, 0, 120, 11, 189, 31, 338, 249, 1, 0, 0, 0, 350, 171, 310, 334, 0, 3, 0, 0, 1075, 64936, 15, 0, 0, 1718187363.166076
0, 0, 6, 0, 5, 0, 0, 0, 0, 3300, 0, 0, 0, 2777, 0, 120, 11, 189, 31, 338, 249, 1, 0, 0, 0, 350, 171, 310, 334, 0, 3, 0, 0, 1075, 64936, 15, 0, 0, 1718187363.274553
0, 0, 6, 0, 5, 0, 0, 0, 0, 3300, 0, 0, 0, 2774, 0, 120, 11, 189, 31, 338, 249, 1, 0, 0, 0, 350, 171, 310, 334, 0, 3, 0, 0, 1075, 64936, 15, 0, 0, 1718187363.386415
0, 0, 6, 0, 5, 0, 0, 0, 0, 3300, 0, 0, 0, 2774, 0, 120, 11, 189, 31, 338, 249, 1, 0, 0, 0, 350, 171, 310, 334, 0, 3, 0, 0, 1075, 64936, 15, 0, 0, 1718187363.49777
0, 0, 6, 0, 5, 0, 0, 0, 0, 3300, 0, 0, 0, 2774, 0, 120, 11, 189, 31, 338, 249, 1, 0, 0, 0, 350, 171, 310, 334, 0, 3, 0, 0, 1075, 64936, 15, 0, 0, 1718187363.6103811
0, 0, 6, 0, 5, 0, 0, 0, 0, 3300, 0, 0, 0, 2774, 0, 120, 11, 189, 31, 338, 249, 1, 0, 0, 0, 350, 171, 310, 334, 0, 3, 0, 0, 1075, 64936, 15, 0, 0, 1718187363.725369
0, 0, 6, 0, 5, 0, 0, 0, 0, 3300, 0, 0, 0, 2771, 0, 120, 11, 189, 31, 338, 249, 1, 0, 0, 0, 350, 171, 310, 334, 0, 3, 0, 0, 1075, 64936, 15, 0, 0, 1718187363.8366258
0, 0, 6, 0, 5, 0, 0, 0, 0, 3300, 0, 0, 0, 2771, 0, 120, 11, 189, 31, 338, 249, 0, 0, 0, 0, 350, 171, 310, 334, 0, 3, 0, 0, 1075, 64936, 0, 0, 0, 1718187363.952631
0, 0, 6, 0, 5, 0, 0, 0, 0, 3300, 0, 0, 0, 2771, 0, 120, 11, 189, 31, 338, 249, 0, 0, 0, 0, 350, 171, 310, 334, 0, 3, 0, 0, 1075, 64936, 0, 0, 0, 1718187364.062586
0, 0, 6, 0, 5, 0, 0, 0, 0, 3300, 0, 0, 0, 2771, 0, 120, 11, 189, 31, 338, 249, 0, 0, 0, 0, 350, 171, 310, 334, 0, 3, 0, 0, 1075, 64936, 0, 0, 0, 1718187364.178417
0, 0, 6, 0, 5, 0, 0, 0, 0, 3300, 0, 0, 0, 2769, 0, 120, 11, 194, 32, 346, 255, 0, 0, 0, 0, 351, 173, 309, 334, 0, 3, 0, 0, 1075, 64936, 0, 0, 0, 1718187364.294594
0, 0, 6, 0, 5, 0, 0, 0, 0, 3300, 0, 0, 0, 2769, 0, 120, 11, 194, 32, 346, 255, 0, 0, 0, 0, 351, 173, 309, 334, 0, 3, 0, 0, 1075, 64936, 0, 0, 0, 1718187364.406896
0, 0, 6, 0, 5, 0, 0, 0, 0, 3300, 0, 0, 0, 2769, 0, 121, 10, 194, 32, 346, 255, 0, 0, 0, 0, 351, 173, 309, 334, 0, 3, 0, 0, 1075, 64936, 0, 0, 0, 1718187364.517925
0, 0, 6, 0, 5, 0, 0, 0, 0, 3300, 0, 0, 0, 2769, 0, 121, 10, 194, 32, 346, 255, 0, 0, 0, 0, 351, 173, 309, 334, 0, 3, 0, 0, 1075, 64936, 0, 0, 0, 1718187364.630472
0, 0, 6, 0, 5, 0, 0, 0, 0, 3300, 0, 0, 0, 2766, 0, 121, 10, 194, 32, 346, 255, 0, 0, 0, 0, 351, 173, 309, 334, 0, 3, 0, 0, 1075, 64936, 0, 0, 0, 1718187364.741322
0, 0, 6, 0, 5, 0, 0, 0, 0, 3300, 0, 0, 0, 2766, 0, 121, 10, 194, 32, 346, 255, 0, 0, 0, 0, 351, 173, 309, 334, 0, 3, 0, 0, 1075, 64936, 0, 0, 0, 1718187364.851404
0, 0, 6, 0, 5, 0, 0, 0, 0, 3300, 0, 0, 0, 2766, 0, 121, 11, 194, 32, 346, 255, 1, 0, 0, 0, 351, 173, 309, 334, 0, 3, 0, 0, 1075, 64936, 7, 0, 0, 1718187364.960882
0, 0, 6, 0, 5, 0, 0, 0, 0, 3300, 0, 0, 0, 2766, 0, 121, 11, 194, 32, 346, 255, 1, 0, 0, 0, 351, 173, 309, 334, 0, 3, 0, 0, 1075, 64936, 7, 0, 0, 1718187365.071434
0, 0, 6, 0, 5, 0, 0, 0, 0, 3300, 0, 0, 0, 2763, 0, 121, 11, 194, 32, 346, 255, 1, 0, 0, 0, 351, 173, 309, 334, 0, 3, 0, 0, 1075, 64936, 7, 0, 0, 1718187365.182465
0, 0, 6, 0, 5, 0, 0, 0, 0, 3300, 0, 0, 0, 2763, 0, 121, 11, 194, 32, 346, 255, 1, 0, 0, 0, 351, 173, 309, 334, 0, 3, 0, 0, 1075, 64936, 7, 0, 0, 1718187365.293345
0, 0, 6, 0, 5, 0, 0, 0, 0, 3300, 0, 0, 0, 2763, 0, 120, 11, 194, 32, 346, 255, 1, 0, 0, 0, 351, 173, 309, 334, 0, 3, 0, 0, 1075, 64936, 7, 0, 0, 1718187365.403083
0, 0, 6, 0, 5, 0, 0, 0, 0, 3300, 0, 0, 0, 2763, 0, 120, 11, 194, 32, 346, 255, 1, 0, 0, 0, 351, 173, 309, 334, 0, 3, 0, 0, 1075, 64936, 7, 0, 0, 1718187365.5127769
0, 0, 6, 0, 5, 0, 0, 0, 0, 3300, 0, 0, 0, 2760, 0, 120, 11, 194, 32, 346, 255, 1, 0, 0, 0, 351, 173, 309, 334, 0, 3, 0, 0, 1075, 64936, 7, 0, 0, 1718187365.623807
0, 0, 6, 0, 5, 0, 0, 0, 0, 3300, 0, 0, 0, 2760, 0, 120, 11, 194, 32, 346, 255, 1, 0, 0, 0, 351, 173, 309, 334, 0, 3, 0, 0, 1075, 64936, 7, 0, 0, 1718187365.745634
0, 0, 6, 0, 5, 0, 0, 0, 0, 3300, 0, 0, 0, 2760, 0, 120, 11, 194, 32, 346, 255, 1, 0, 0, 0, 351, 173, 309, 334, 0, 3, 0, 0, 1075, 64919, 7, 0, 0, 1718187365.859613
0, 0, 6, 0, 5, 0, 0, 0, 0, 3300, 0, 0, 0, 2760, 0, 120, 11, 194, 32, 346, 255, 0, 0, 0, 0, 351, 173, 309, 334, 0, 3, 0, 0, 1075, 64919, 0, 0, 0, 1718187365.970693
0, 0, 6, 0, 5, 0, 0, 0, 0, 3300, 0, 0, 0, 2758, 0, 122, 11, 214, 33, 332, 245, 0, 0, 0, 0, 350, 175, 308, 334, 0, 3, 0, 0, 1086, 64919, 0, 0, 0, 1718187366.086159
0, 0, 6, 0, 5, 0, 0, 0, 0, 3300, 0, 0, 0, 2758, 0, 122, 11, 214, 33, 332, 245, 0, 0, 0, 0, 350, 175, 308, 334, 0, 3, 0, 0, 1086, 64919, 0, 0, 0, 1718187366.1988878
0, 0, 6, 0, 5, 0, 0, 0, 0, 3300, 0, 0, 0, 2758, 0, 122, 11, 212, 33, 332, 245, 0, 0, 0, 0, 350, 175, 308, 334, 0, 3, 0, 0, 1086, 64919, 0, 0, 0, 1718187366.310953
0, 0, 6, 0, 5, 0, 0, 0, 0, 3300, 0, 0, 0, 2758, 0, 122, 11, 212, 33, 332, 245, 0, 0, 0, 0, 350, 175, 308, 334, 0, 3, 0, 0, 1086, 64919, 0, 0, 0, 1718187366.430376
0, 0, 6, 0, 5, 0, 0, 0, 0, 3300, 0, 0, 0, 2755, 0, 120, 11, 212, 33, 332, 245, 0, 0, 0, 0, 350, 175, 308, 334, 0, 3, 0, 0, 1086, 64919, 0, 0, 0, 1718187366.5382762
0, 0, 6, 0, 5, 0, 0, 0, 0, 3300, 0, 0, 0, 2755, 0, 120, 11, 212, 33, 332, 245, 0, 0, 0, 0, 350, 175, 308, 334, 0, 3, 0, 0, 1086, 64919, 0, 0, 0, 1718187366.650102
0, 0, 6, 0, 5, 0, 0, 0, 0, 3300, 0, 0, 0, 2755, 0, 120, 11, 212, 33, 332, 245, 0, 0, 0, 0, 350, 175, 308, 334, 0, 3, 0, 0, 1086, 64919, 0, 0, 0, 1718187366.769325
0, 0, 6, 0, 5, 0, 0, 0, 0, 3300, 0, 0, 0, 2755, 0, 120, 11, 212, 33, 332, 245, 0, 0, 0, 0, 350, 175, 308, 334, 0, 3, 0, 0, 1086, 64919, 0, 0, 0, 1718187366.878676
0, 0, 6, 0, 5, 0, 0, 0, 0, 3300, 0, 0, 0, 2752, 0, 120, 11, 212, 33, 332, 245, 0, 0, 0, 0, 350, 175, 308, 334, 0, 3, 0, 0, 1086, 64919, 0, 0, 0, 1718187366.9865751
0, 0, 6, 0, 5, 0, 0, 0, 0, 3300, 0, 0, 0, 2752, 0, 120, 11, 212, 33, 332, 245, 0, 0, 0, 0, 350, 175, 308, 334, 0, 3, 0, 0, 1086, 64919, 0, 0, 0, 1718187367.0976908
0, 0, 6, 0, 5, 0, 0, 0, 0, 3300, 0, 0, 0, 2752, 0, 120, 11, 212, 33, 332, 245, 0, 0, 0, 0, 350, 175, 308, 334, 0, 3, 0, 0, 1086, 64919, 0, 0, 0, 1718187367.205437
0, 0, 6, 0, 5, 0, 0, 0, 0, 3300, 0, 0, 0, 2752, 0, 120, 11, 212, 33, 332, 245, 0, 0, 0, 0, 350, 175, 308, 334, 0, 3, 0, 0, 1086, 64919, 0, 0, 0, 1718187367.317121
0, 0, 6, 0, 5, 0, 0, 0, 0, 3300, 0, 0, 0, 2749, 0, 124, 12, 212, 33, 332, 245, 0, 0, 0, 0, 350, 175, 308, 334, 0, 3, 0, 0, 1086, 64919, 0, 0, 0, 1718187367.43032
0, 0, 6, 0, 5, 0, 0, 0, 0, 3300, 0, 0, 0, 2749, 0, 124, 12, 212, 33, 332, 245, 0, 0, 0, 0, 350, 175, 308, 334, 0, 3, 0, 0, 1086, 64919, 0, 0, 0, 1718187367.5416489
0, 0, 6, 0, 5, 0, 0, 0, 0, 3300, 0, 0, 0, 2749, 0, 124, 12, 212, 33, 332, 245, 0, 0, 0, 0, 350, 175, 308, 334, 0, 3, 0, 0, 1086, 64919, 0, 0, 0, 1718187367.654919
0, 0, 6, 0, 5, 0, 0, 0, 0, 3300, 0, 0, 0, 2749, 0, 124, 12, 212, 33, 332, 245, 0, 0, 0, 0, 350, 175, 308, 334, 0, 3, 0, 0, 1086, 64919, 0, 0, 0, 1718187367.763981
0, 0, 6, 0, 5, 0, 0, 0, 0, 3300, 0, 0, 0, 2749, 0, 124, 12, 212, 33, 332, 245, 0, 0, 0, 0, 350, 175, 308, 334, 0, 3, 0, 0, 1086, 64919, 0, 0, 0, 1718187367.8723898
0, 0, 6, 0, 5, 0, 0, 0, 0, 3300, 0, 0, 0, 2749, 0, 124, 12, 212, 33, 332, 245, 0, 0, 0, 0, 350, 175, 308, 334, 0, 3, 0, 0, 1086, 64919, 0, 0, 0, 1718187367.981729
0, 0, 6, 0, 5, 0, 0, 0, 0, 3300, 0, 0, 0, 2749, 0, 134, 17, 209, 32, 343, 253, 0, 0, 0, 0, 350, 180, 309, 334, 0, 3, 0, 0, 1086, 64919, 0, 0, 0, 1718187368.094381
0, 0, 6, 0, 5, 0, 0, 0, 0, 3300, 0, 0, 0, 2746, 0, 134, 17, 209, 32, 343, 253, 1, 0, 0, 0, 350, 180, 309, 334, 0, 3, 0, 0, 1086, 64919, 16, 0, 0, 1718187368.209053
0, 0, 6, 0, 5, 0, 0, 0, 0, 3300, 0, 0, 0, 2746, 0, 134, 17, 209, 32, 346, 255, 1, 0, 0, 0, 350, 180, 309, 334, 0, 3, 0, 0, 1086, 64919, 16, 0, 0, 1718187368.319089
0, 0, 6, 0, 5, 0, 0, 0, 0, 3300, 0, 0, 0, 2744, 0, 134, 17, 209, 32, 346, 255, 1, 0, 0, 0, 350, 180, 309, 334, 0, 3, 0, 0, 1086, 64919, 16, 0, 0, 1718187368.4312682
0, 0, 6, 0, 5, 0, 0, 0, 0, 3300, 0, 0, 0, 2744, 0, 134, 17, 209, 32, 346, 255, 1, 0, 0, 0, 350, 180, 309, 334, 0, 3, 0, 0, 1086, 64919, 16, 0, 0, 1718187368.5423439
0, 0, 6, 0, 5, 0, 0, 0, 0, 3300, 0, 0, 0, 2744, 0, 142, 20, 209, 32, 346, 255, 1, 0, 0, 0, 350, 180, 309, 334, 0, 3, 0, 0, 1086, 64919, 16, 0, 0, 1718187368.653669
0, 0, 6, 0, 5, 0, 0, 0, 0, 3300, 0, 0, 0, 2744, 0, 142, 20, 209, 32, 346, 255, 1, 0, 0, 0, 350, 180, 309, 334, 0, 3, 0, 0, 1086, 64919, 16, 0, 0, 1718187368.7638872
0, 0, 6, 0, 5, 0, 0, 0, 0, 3300, 0, 0, 0, 2741, 0, 142, 20, 209, 32, 346, 255, 1, 0, 0, 0, 350, 180, 309, 334, 0, 3, 0, 0, 1086, 64919, 16, 0, 0, 1718187368.871418
0, 0, 6, 0, 5, 0, 0, 0, 0, 3300, 0, 0, 0, 2741, 0, 142, 20, 209, 32, 346, 255, 0, 0, 0, 0, 350, 180, 309, 334, 0, 3, 0, 0, 1086, 64919, 0, 0, 0, 1718187368.9862819
0, 0, 6, 0, 5, 0, 0, 0, 0, 3300, 0, 0, 0, 2741, 0, 153, 24, 209, 32, 346, 255, 0, 0, 0, 0, 350, 180, 309, 334, 0, 3, 0, 0, 1086, 64919, 0, 0, 0, 1718187369.1001012
0, 0, 6, 0, 5, 0, 0, 0, 0, 3300, 0, 0, 0, 2741, 0, 153, 24, 209, 32, 346, 255, 0, 0, 0, 0, 350, 180, 309, 334, 0, 3, 0, 0, 1086, 64919, 0, 0, 0, 1718187369.211532
0, 0, 6, 0, 5, 0, 0, 0, 0, 3300, 0, 0, 0, 2738, 0, 153, 24, 209, 32, 346, 255, 0, 0, 0, 0, 350, 180, 309, 334, 0, 3, 0, 0, 1086, 64919, 0, 0, 0, 1718187369.321739
0, 0, 6, 0, 5, 0, 0, 0, 0, 3300, 0, 0, 0, 2738, 0, 153, 24, 209, 32, 346, 255, 0, 0, 0, 0, 350, 180, 309, 334, 0, 3, 0, 0, 1086, 64919, 0, 0, 0, 1718187369.4297779
0, 0, 6, 0, 5, 0, 0, 0, 0, 3300, 0, 0, 0, 2738, 0, 161, 29, 209, 32, 346, 255, 0, 0, 0, 0, 350, 180, 309, 334, 0, 3, 0, 0, 1086, 64919, 0, 0, 0, 1718187369.540878
0, 0, 6, 0, 5, 0, 0, 0, 0, 3300, 0, 0, 0, 2738, 0, 161, 29, 209, 32, 346, 255, 0, 0, 0, 0, 350, 180, 309, 334, 0, 3, 0, 0, 1086, 64919, 0, 0, 0, 1718187369.65357
0, 0, 6, 0, 5, 0, 0, 0, 0, 3300, 0, 0, 0, 2735, 0, 161, 29, 209, 32, 346, 255, 0, 0, 0, 0, 350, 180, 309, 334, 0, 3, 0, 0, 1086, 64919, 0, 0, 0, 1718187369.760761
0, 0, 6, 0, 5, 0, 0, 0, 0, 3300, 0, 0, 0, 2735, 0, 161, 29, 209, 32, 346, 255, 0, 0, 0, 0, 350, 180, 309, 334, 0, 3, 0, 0, 1086, 64919, 0, 0, 0, 1718187369.872579
0, 0, 6, 0, 5, 0, 0, 0, 0, 3300, 0, 0, 0, 2735, 0, 161, 29, 209, 32, 346, 255, 0, 0, 0, 0, 350, 180, 309, 334, 0, 3, 0, 0, 1086, 64919, 0, 0, 0, 1718187369.984225
0, 0, 6, 0, 5, 0, 0, 0, 0, 3300, 0, 0, 0, 2735, 0, 161, 29, 209, 32, 346, 255, 0, 0, 0, 0, 350, 180, 309, 334, 0, 3, 0, 0, 1086, 64919, 0, 0, 0, 1718187370.096268
0, 0, 6, 0, 5, 0, 0, 0, 0, 3300, 0, 0, 0, 2732, 0, 158, 32, 196, 30, 339, 245, 0, 0, 0, 0, 351, 180, 310, 334, 0, 3, 0, 0, 1086, 64919, 0, 0, 0, 1718187370.205533
0, 0, 6, 0, 5, 0, 0, 0, 0, 3300, 0, 0, 0, 2732, 0, 158, 32, 196, 30, 339, 245, 0, 0, 0, 0, 351, 180, 310, 334, 0, 3, 0, 0, 1086, 64919, 0, 0, 0, 1718187370.314689
0, 0, 6, 0, 5, 0, 0, 0, 0, 3300, 0, 0, 0, 2732, 0, 158, 32, 199, 30, 339, 245, 0, 0, 0, 0, 351, 180, 310, 334, 0, 3, 0, 0, 1086, 64919, 0, 0, 0, 1718187370.4280162
0, 0, 6, 0, 5, 0, 0, 0, 0, 3300, 0, 0, 0, 2732, 0, 158, 32, 199, 30, 339, 245, 0, 0, 0, 0, 351, 180, 310, 334, 0, 3, 0, 0, 1086, 64919, 0, 0, 0, 1718187370.5431108
0, 0, 6, 0, 5, 0, 0, 0, 0, 3300, 0, 0, 0, 2730, 0, 164, 35, 199, 30, 339, 245, 0, 0, 0, 0, 351, 180, 310, 334, 0, 3, 0, 0, 1086, 64919, 0, 0, 0, 1718187370.65325
0, 0, 6, 0, 5, 0, 0, 0, 0, 3300, 0, 0, 0, 2730, 0, 164, 35, 199, 30, 339, 245, 0, 0, 0, 0, 351, 180, 310, 334, 0, 3, 0, 0, 1086, 64919, 0, 0, 0, 1718187370.76601
0, 0, 6, 0, 5, 0, 0, 0, 0, 3300, 0, 0, 0, 2730, 0, 164, 35, 199, 30, 339, 245, 0, 0, 1, 0, 351, 180, 310, 334, 0, 3, 0, 0, 1086, 64919, 0, 0, 68, 1718187370.8781838
0, 0, 6, 0, 5, 0, 0, 0, 0, 3300, 0, 0, 0, 2730, 0, 164, 35, 199, 30, 339, 245, 0, 0, 0, 0, 351, 180, 310, 334, 0, 3, 0, 0, 1086, 64919, 0, 0, 0, 1718187370.986685
0, 0, 6, 0, 5, 0, 0, 0, 0, 3300, 0, 0, 0, 2727, 0, 164, 38, 199, 30, 339, 245, 0, 0, 0, 0, 351, 180, 310, 334, 0, 3, 0, 0, 1086, 64919, 0, 0, 0, 1718187371.098218
0, 0, 6, 0, 5, 0, 0, 0, 0, 3300, 0, 0, 0, 2727, 0, 164, 38, 199, 30, 339, 245, 0, 0, 0, 0, 351, 180, 310, 334, 0, 3, 0, 0, 1086, 64919, 0, 0, 0, 1718187371.209537
0, 0, 6, 0, 5, 0, 0, 0, 0, 3300, 0, 0, 0, 2727, 0, 164, 38, 199, 30, 339, 245, 0, 0, 0, 0, 351, 180, 310, 334, 0, 3, 0, 0, 1086, 64919, 0, 0, 0, 1718187371.3215501
0, 0, 6, 0, 5, 0, 0, 0, 0, 3300, 0, 0, 0, 2727, 0, 164, 38, 199, 30, 339, 245, 0, 0, 0, 0, 351, 180, 310, 334, 0, 3, 0, 0, 1086, 64919, 0, 0, 0, 1718187371.431123
0, 0, 6, 0, 5, 0, 0, 0, 0, 3300, 0, 0, 0, 2724, 0, 164, 38, 199, 30, 339, 245, 0, 0, 0, 0, 351, 180, 310, 334, 0, 3, 0, 0, 1086, 64919, 0, 0, 0, 1718187371.5413172
0, 0, 6, 0, 5, 0, 0, 0, 0, 3300, 0, 0, 0, 2724, 0, 168, 41, 199, 30, 339, 245, 0, 0, 0, 0, 351, 180, 310, 334, 0, 3, 0, 0, 1086, 64919, 0, 0, 0, 1718187371.65362
0, 0, 6, 0, 5, 0, 0, 0, 0, 3300, 0, 0, 0, 2724, 0, 168, 41, 199, 30, 339, 245, 0, 0, 0, 0, 351, 180, 310, 334, 0, 3, 0, 0, 1086, 64919, 0, 0, 0, 1718187371.765804
0, 0, 6, 0, 5, 0, 0, 0, 0, 3300, 0, 0, 0, 2724, 0, 168, 41, 199, 30, 339, 245, 0, 0, 0, 0, 351, 180, 310, 334, 0, 3, 0, 0, 1086, 64919, 0, 0, 0, 1718187371.878032
0, 0, 6, 0, 5, 0, 0, 0, 0, 3300, 0, 0, 0, 2724, 0, 168, 41, 199, 30, 339, 245, 0, 0, 0, 0, 351, 180, 310, 334, 0, 3, 0, 0, 1086, 64919, 0, 0, 0, 1718187371.991599
0, 0, 6, 0, 5, 0, 0, 0, 0, 3300, 0, 0, 0, 2721, 0, 171, 45, 199, 30, 339, 245, 0, 0, 0, 0, 351, 180, 310, 334, 0, 3, 0, 0, 1086, 64919, 0, 0, 0, 1718187372.10417
0, 0, 6, 0, 5, 0, 0, 0, 0, 3300, 0, 0, 0, 2721, 0, 171, 45, 199, 30, 339, 245, 0, 0, 0, 0, 351, 180, 310, 334, 0, 3, 0, 0, 1086, 64919, 0, 0, 0, 1718187372.216619
0, 0, 6, 0, 5, 0, 0, 0, 0, 3300, 0, 0, 0, 2721, 0, 171, 45, 199, 30, 339, 245, 0, 0, 0, 0, 351, 180, 310, 334, 0, 3, 0, 0, 1086, 64919, 0, 0, 0, 1718187372.3264372
0, 0, 6, 0, 5, 0, 0, 0, 0, 3300, 0, 0, 0, 2721, 0, 171, 45, 199, 30, 339, 245, 0, 0, 0, 0, 351, 180, 310, 334, 0, 3, 0, 0, 1086, 64919, 0, 0, 0, 1718187372.437728
0, 0, 6, 0, 5, 0, 0, 0, 0, 3300, 0, 0, 0, 2721, 0, 171, 45, 199, 30, 339, 245, 0, 0, 0, 0, 351, 180, 310, 334, 0, 3, 0, 0, 1100, 64919, 0, 0, 0, 1718187372.5481
0, 0, 6, 0, 5, 0, 0, 0, 0, 3300, 0, 0, 0, 2718, 0, 179, 46, 170, 28, 339, 245, 0, 0, 0, 0, 351, 182, 310, 334, 0, 3, 0, 0, 1100, 64919, 0, 0, 0, 1718187372.6583738
0, 0, 6, 0, 5, 0, 0, 0, 0, 3300, 0, 0, 0, 2718, 0, 179, 46, 170, 28, 339, 245, 0, 0, 0, 0, 351, 182, 310, 334, 0, 3, 0, 0, 1100, 64919, 0, 0, 0, 1718187372.774119
0, 0, 6, 0, 5, 0, 0, 0, 0, 3300, 0, 0, 0, 2718, 0, 179, 46, 170, 28, 339, 245, 0, 0, 0, 0, 351, 182, 310, 334, 0, 3, 0, 0, 1100, 64919, 0, 0, 0, 1718187372.884313
0, 0, 6, 0, 5, 0, 0, 0, 0, 3300, 0, 0, 0, 2718, 0, 179, 46, 170, 28, 339, 245, 0, 0, 0, 0, 351, 182, 310, 334, 0, 3, 0, 0, 1100, 64919, 0, 0, 0, 1718187372.998415
0, 0, 6, 0, 5, 0, 0, 0, 0, 3300, 0, 0, 0, 2715, 0, 179, 48, 170, 28, 339, 245, 0, 0, 0, 0, 351, 182, 310, 334, 0, 3, 0, 0, 1100, 64919, 0, 0, 0, 1718187373.111435
0, 0, 6, 0, 5, 0, 0, 0, 0, 3300, 0, 0, 0, 2715, 0, 179, 48, 170, 28, 339, 245, 0, 0, 0, 0, 351, 182, 310, 334, 0, 3, 0, 0, 1100, 64919, 0, 0, 0, 1718187373.221968
0, 0, 6, 0, 5, 0, 0, 0, 0, 3300, 0, 0, 0, 2715, 0, 179, 48, 170, 28, 339, 245, 0, 0, 0, 0, 351, 182, 310, 334, 0, 3, 0, 0, 1100, 64919, 0, 0, 0, 1718187373.331249
0, 0, 6, 0, 5, 0, 0, 0, 0, 3300, 0, 0, 0, 2715, 0, 179, 48, 170, 28, 339, 245, 0, 0, 0, 0, 351, 182, 310, 334, 0, 3, 0, 0, 1100, 64919, 0, 0, 0, 1718187373.439095
0, 0, 6, 0, 5, 0, 0, 0, 0, 3300, 0, 0, 0, 2712, 0, 179, 48, 170, 28, 339, 245, 1, 0, 0, 0, 351, 182, 310, 334, 0, 3, 0, 0, 1100, 64919, 31, 0, 0, 1718187373.5488331
0, 0, 6, 0, 5, 0, 0, 0, 0, 3300, 0, 0, 0, 2712, 0, 179, 48, 170, 28, 339, 245, 1, 0, 0, 0, 351, 182, 310, 334, 0, 3, 0, 0, 1100, 64919, 31, 0, 0, 1718187373.658335
0, 0, 6, 0, 5, 0, 0, 0, 0, 3300, 0, 0, 0, 2712, 0, 180, 50, 170, 28, 339, 245, 1, 0, 0, 0, 351, 182, 310, 334, 0, 3, 0, 0, 1100, 64919, 31, 0, 0, 1718187373.770752
0, 0, 6, 0, 5, 0, 0, 0, 0, 3300, 0, 0, 0, 2712, 0, 180, 50, 170, 28, 339, 245, 1, 0, 0, 0, 351, 182, 310, 334, 0, 3, 0, 0, 1100, 64919, 31, 0, 0, 1718187373.882848
0, 0, 6, 0, 5, 0, 0, 0, 0, 3300, 0, 0, 0, 2709, 0, 180, 50, 170, 28, 339, 245, 0, 0, 0, 0, 351, 182, 310, 334, 0, 3, 0, 0, 1100, 64919, 0, 0, 0, 1718187373.991272
0, 0, 6, 0, 5, 0, 0, 0, 0, 3300, 0, 0, 0, 2709, 0, 180, 50, 170, 28, 339, 245, 0, 0, 0, 0, 351, 182, 310, 334, 0, 3, 0, 0, 1100, 64919, 0, 0, 0, 1718187374.105866
0, 0, 6, 0, 5, 0, 0, 0, 0, 3300, 0, 0, 0, 2709, 0, 175, 51, 170, 28, 339, 245, 0, 0, 0, 0, 351, 182, 310, 334, 0, 3, 0, 0, 1100, 64919, 0, 0, 0, 1718187374.2193122
0, 0, 6, 0, 5, 0, 0, 0, 0, 3300, 0, 0, 0, 2709, 0, 175, 51, 170, 28, 339, 245, 0, 0, 0, 0, 351, 182, 310, 334, 0, 3, 0, 0, 1100, 64902, 0, 0, 0, 1718187374.332722
0, 0, 6, 0, 5, 0, 0, 0, 0, 3300, 0, 0, 0, 2707, 0, 175, 51, 170, 28, 339, 245, 0, 0, 0, 0, 351, 182, 310, 334, 0, 3, 0, 0, 1100, 64902, 0, 0, 0, 1718187374.4432771
0, 0, 6, 0, 5, 0, 0, 0, 0, 3300, 0, 0, 0, 2707, 0, 175, 51, 170, 28, 339, 245, 0, 0, 0, 0, 351, 182, 310, 334, 0, 3, 0, 0, 1100, 64902, 0, 0, 0, 1718187374.5533729
0, 0, 6, 0, 5, 0, 0, 0, 0, 3300, 0, 0, 0, 2707, 0, 175, 51, 170, 28, 339, 245, 0, 0, 0, 0, 351, 182, 310, 334, 0, 3, 0, 0, 1100, 64902, 0, 0, 0, 1718187374.6656058
0, 0, 6, 0, 5, 0, 0, 0, 0, 3300, 0, 0, 0, 2707, 0, 175, 51, 170, 28, 339, 245, 0, 0, 0, 0, 351, 182, 310, 334, 0, 3, 0, 0, 1100, 64902, 0, 0, 0, 1718187374.77703
0, 0, 6, 0, 5, 0, 0, 0, 0, 3300, 0, 0, 0, 2704, 0, 180, 52, 172, 28, 344, 250, 0, 0, 0, 0, 350, 182, 309, 334, 0, 3, 0, 0, 1100, 64902, 0, 0, 0, 1718187374.888035
0, 0, 6, 0, 5, 0, 0, 0, 0, 3300, 0, 0, 0, 2704, 0, 180, 52, 181, 29, 344, 250, 0, 0, 0, 0, 350, 182, 309, 334, 0, 3, 0, 0, 1100, 64902, 0, 0, 0, 1718187375.002214
0, 0, 6, 0, 5, 0, 0, 0, 0, 3300, 0, 0, 0, 2704, 0, 180, 52, 181, 29, 344, 250, 1, 0, 1, 0, 350, 182, 309, 334, 0, 3, 0, 0, 1100, 64902, 90, 0, 50, 1718187375.114937
0, 0, 6, 0, 5, 0, 0, 0, 0, 3300, 0, 0, 0, 2704, 0, 180, 52, 181, 29, 344, 250, 1, 0, 1, 0, 350, 182, 309, 334, 0, 3, 0, 0, 1100, 64902, 90, 0, 50, 1718187375.225973
0, 0, 6, 0, 5, 0, 0, 0, 0, 3300, 0, 0, 0, 2701, 0, 173, 53, 181, 29, 344, 250, 1, 0, 1, 0, 350, 182, 309, 334, 0, 3, 0, 0, 1100, 64902, 90, 0, 50, 1718187375.338922
0, 0, 6, 0, 5, 0, 0, 0, 0, 3300, 0, 0, 0, 2701, 0, 173, 53, 181, 29, 344, 250, 1, 0, 1, 0, 350, 182, 309, 334, 0, 3, 0, 0, 1100, 64902, 90, 0, 50, 1718187375.451402
0, 0, 6, 0, 5, 0, 0, 0, 0, 3300, 0, 0, 0, 2701, 0, 173, 53, 181, 29, 344, 250, 1, 0, 1, 0, 350, 182, 309, 334, 0, 3, 0, 0, 1100, 64902, 90, 0, 50, 1718187375.563703
0, 0, 6, 0, 5, 0, 0, 0, 0, 3300, 0, 0, 0, 2701, 0, 173, 53, 181, 29, 344, 250, 1, 0, 1, 0, 350, 182, 309, 334, 0, 3, 0, 0, 1100, 64902, 90, 0, 50, 1718187375.671514
0, 0, 6, 0, 5, 0, 0, 0, 0, 3300, 0, 0, 0, 2698, 0, 179, 54, 181, 29, 344, 250, 1, 0, 1, 0, 350, 182, 309, 334, 0, 3, 0, 0, 1100, 64902, 90, 0, 50, 1718187375.7833211
0, 0, 6, 0, 5, 0, 0, 0, 0, 3300, 0, 0, 0, 2698, 0, 179, 54, 181, 29, 344, 250, 1, 0, 1, 0, 350, 182, 309, 334, 0, 3, 0, 0, 1100, 64902, 90, 0, 50, 1718187375.894973
0, 0, 6, 0, 5, 0, 0, 0, 0, 3300, 0, 0, 0, 2698, 0, 179, 54, 181, 29, 344, 250, 0, 0, 0, 0, 350, 182, 309, 334, 0, 3, 0, 0, 1100, 64902, 0, 0, 0, 1718187376.0079591
0, 0, 6, 0, 5, 0, 0, 0, 0, 3300, 0, 0, 0, 2698, 0, 179, 54, 181, 29, 344, 250, 0, 0, 0, 0, 350, 182, 309, 334, 0, 3, 0, 0, 1100, 64902, 0, 0, 0, 1718187376.1163478
0, 0, 6, 0, 5, 0, 0, 0, 0, 3300, 0, 0, 0, 2695, 0, 179, 54, 181, 29, 344, 250, 0, 0, 0, 0, 350, 182, 309, 334, 0, 3, 0, 0, 1100, 64902, 0, 0, 0, 1718187376.23053
0, 0, 6, 0, 5, 0, 0, 0, 0, 3300, 0, 0, 0, 2695, 0, 178, 54, 181, 29, 344, 250, 0, 0, 0, 0, 350, 182, 309, 334, 0, 3, 0, 0, 1100, 64902, 0, 0, 0, 1718187376.340064
0, 0, 6, 0, 5, 0, 0, 0, 0, 3300, 0, 0, 0, 2695, 0, 178, 54, 181, 29, 344, 250, 0, 0, 0, 0, 350, 182, 309, 334, 0, 3, 0, 0, 1100, 64902, 0, 0, 0, 1718187376.452023
0, 0, 6, 0, 5, 0, 0, 0, 0, 3300, 0, 0, 0, 2695, 0, 178, 54, 181, 29, 344, 250, 0, 0, 0, 0, 350, 182, 309, 334, 0, 3, 0, 0, 1100, 64902, 0, 0, 0, 1718187376.562996
0, 0, 6, 0, 5, 0, 0, 0, 0, 3300, 0, 0, 0, 2693, 0, 178, 54, 181, 29, 344, 250, 0, 0, 0, 0, 350, 182, 309, 334, 0, 3, 0, 0, 1100, 64902, 0, 0, 0, 1718187376.683456
0, 0, 6, 0, 5, 0, 0, 0, 0, 3300, 0, 0, 0, 2693, 0, 185, 55, 181, 29, 344, 250, 0, 0, 0, 0, 350, 182, 309, 334, 0, 3, 0, 0, 1100, 64902, 0, 0, 0, 1718187376.7962172
0, 0, 6, 0, 5, 0, 0, 0, 0, 3300, 0, 0, 0, 2693, 0, 185, 55, 181, 29, 344, 250, 0, 0, 0, 0, 350, 182, 309, 334, 0, 3, 0, 0, 1100, 64902, 0, 0, 0, 1718187376.9105148
0, 0, 6, 0, 5, 0, 0, 0, 0, 3300, 0, 0, 0, 2693, 0, 185, 55, 181, 29, 344, 250, 0, 0, 0, 0, 350, 182, 309, 334, 0, 3, 0, 0, 1100, 64902, 0, 0, 0, 1718187377.024703
0, 0, 6, 0, 5, 0, 0, 0, 0, 3300, 0, 0, 0, 2690, 0, 185, 55, 180, 29, 348, 254, 0, 0, 0, 0, 350, 183, 309, 334, 0, 3, 0, 0, 1100, 64902, 0, 0, 0, 1718187377.134433
0, 0, 6, 0, 5, 0, 0, 0, 0, 3300, 0, 0, 0, 2690, 0, 185, 55, 180, 29, 348, 254, 0, 0, 0, 0, 350, 183, 309, 334, 0, 3, 0, 0, 1100, 64902, 0, 0, 0, 1718187377.240865
0, 0, 6, 0, 5, 0, 0, 0, 0, 3300, 0, 0, 0, 2690, 0, 186, 56, 180, 29, 348, 254, 0, 0, 0, 0, 350, 183, 309, 334, 0, 3, 0, 0, 1100, 64902, 0, 0, 0, 1718187377.360283
0, 0, 6, 0, 5, 0, 0, 0, 0, 3300, 0, 0, 0, 2690, 0, 186, 56, 180, 29, 348, 254, 0, 0, 0, 0, 350, 183, 309, 334, 0, 3, 0, 0, 1100, 64902, 0, 0, 0, 1718187377.473631
0, 0, 6, 0, 5, 0, 0, 0, 0, 3300, 0, 0, 0, 2687, 0, 186, 56, 180, 29, 348, 254, 0, 0, 0, 0, 350, 183, 309, 334, 0, 3, 0, 0, 1100, 64902, 0, 0, 0, 1718187377.583213
0, 0, 6, 0, 5, 0, 0, 0, 0, 3300, 0, 0, 0, 2687, 0, 186, 56, 180, 29, 348, 254, 0, 0, 0, 0, 350, 183, 309, 334, 0, 3, 0, 0, 1100, 64902, 0, 0, 0, 1718187377.696316
0, 0, 6, 0, 5, 0, 0, 0, 0, 3300, 0, 0, 0, 2687, 0, 186, 56, 180, 29, 348, 254, 0, 0, 0, 0, 350, 183, 309, 334, 0, 3, 0, 0, 1100, 64902, 0, 0, 0, 1718187377.809149
0, 0, 6, 0, 5, 0, 0, 0, 0, 3300, 0, 0, 0, 2687, 0, 186, 56, 180, 29, 348, 254, 0, 0, 0, 0, 350, 183, 309, 334, 0, 3, 0, 0, 1100, 64902, 0, 0, 0, 1718187377.921393
0, 0, 6, 0, 5, 0, 0, 0, 0, 3300, 0, 0, 0, 2684, 0, 186, 56, 180, 29, 348, 254, 0, 0, 0, 0, 350, 183, 309, 334, 0, 3, 0, 0, 1100, 64902, 0, 0, 0, 1718187378.0330088
0, 0, 6, 0, 5, 0, 0, 0, 0, 3300, 0, 0, 0, 2684, 0, 186, 56, 180, 29, 348, 254, 0, 0, 0, 0, 350, 183, 309, 334, 0, 3, 0, 0, 1100, 64902, 0, 0, 0, 1718187378.143174
0, 0, 6, 0, 5, 0, 0, 0, 0, 3300, 0, 0, 0, 2684, 0, 185, 57, 180, 29, 348, 254, 1, 0, 1, 0, 350, 183, 309, 334, 0, 3, 0, 0, 1100, 64902, 42, 0, 42, 1718187378.257143
0, 0, 6, 0, 5, 0, 0, 0, 0, 3300, 0, 0, 0, 2684, 0, 185, 57, 180, 29, 348, 254, 1, 0, 1, 0, 350, 183, 309, 334, 0, 3, 0, 0, 1100, 64902, 42, 0, 42, 1718187378.3665469
0, 0, 6, 0, 5, 0, 0, 0, 0, 3300, 0, 0, 0, 2684, 0, 185, 57, 180, 29, 348, 254, 1, 0, 1, 0, 350, 183, 309, 334, 0, 3, 0, 0, 1100, 64902, 42, 0, 42, 1718187378.479852
0, 0, 6, 0, 5, 0, 0, 0, 0, 3300, 0, 0, 0, 2684, 0, 185, 57, 185, 28, 344, 253, 1, 0, 1, 0, 350, 184, 308, 334, 0, 3, 0, 0, 1100, 64902, 42, 0, 42, 1718187378.590394
0, 0, 6, 0, 5, 0, 0, 0, 0, 3300, 0, 0, 0, 2681, 0, 185, 57, 185, 28, 344, 253, 1, 0, 1, 0, 350, 184, 308, 334, 0, 3, 0, 0, 1100, 64902, 42, 0, 42, 1718187378.699927
0, 0, 6, 0, 5, 0, 0, 0, 0, 3300, 0, 0, 0, 2681, 0, 186, 57, 185, 28, 344, 253, 1, 0, 1, 0, 350, 184, 308, 334, 0, 3, 0, 0, 1100, 64902, 42, 0, 42, 1718187378.810993
0, 0, 6, 0, 5, 0, 0, 0, 0, 3300, 0, 0, 0, 2681, 0, 186, 57, 185, 28, 344, 253, 1, 0, 1, 0, 350, 184, 308, 334, 0, 3, 0, 0, 1100, 64902, 42, 0, 42, 1718187378.922014
0, 0, 6, 0, 5, 0, 0, 0, 0, 3300, 0, 0, 0, 2678, 0, 186, 57, 185, 28, 344, 253, 0, 0, 0, 0, 350, 184, 308, 334, 0, 3, 0, 0, 1100, 64902, 0, 0, 0, 1718187379.032782
0, 0, 6, 0, 5, 0, 0, 0, 0, 3300, 0, 0, 0, 2678, 0, 186, 57, 185, 28, 344, 253, 0, 0, 0, 0, 350, 184, 308, 334, 0, 3, 0, 0, 1100, 64902, 0, 0, 0, 1718187379.143801
0, 0, 6, 0, 5, 0, 0, 0, 0, 3300, 0, 0, 0, 2678, 0, 186, 57, 185, 28, 344, 253, 0, 0, 0, 0, 350, 184, 308, 334, 0, 3, 0, 0, 1100, 64902, 0, 0, 0, 1718187379.259572
0, 0, 6, 0, 5, 0, 0, 0, 0, 3300, 0, 0, 0, 2678, 0, 186, 57, 185, 28, 344, 253, 0, 0, 0, 0, 350, 184, 308, 334, 0, 3, 0, 0, 1100, 64902, 0, 0, 0, 1718187379.372071
0, 0, 6, 0, 5, 0, 0, 0, 0, 3300, 0, 0, 0, 2675, 0, 181, 58, 195, 29, 346, 254, 1, 0, 0, 0, 350, 185, 308, 334, 0, 3, 0, 0, 1100, 64902, 111, 0, 0, 1718187379.4849439
0, 0, 6, 0, 5, 0, 0, 0, 0, 3300, 0, 0, 0, 2675, 0, 181, 58, 195, 29, 346, 254, 1, 0, 0, 0, 350, 185, 308, 334, 0, 3, 0, 0, 1100, 64902, 111, 0, 0, 1718187379.592994
0, 0, 6, 0, 5, 0, 0, 0, 0, 3300, 0, 0, 0, 2675, 0, 181, 58, 195, 29, 346, 254, 1, 0, 0, 0, 350, 185, 308, 334, 0, 3, 0, 0, 1100, 64902, 111, 0, 0, 1718187379.702875
0, 0, 6, 0, 5, 0, 0, 0, 0, 3300, 0, 0, 0, 2675, 0, 181, 58, 195, 29, 346, 254, 1, 0, 0, 0, 350, 185, 308, 334, 0, 3, 0, 0, 1100, 64902, 111, 0, 0, 1718187379.813696
0, 0, 6, 0, 5, 0, 0, 0, 0, 3300, 0, 0, 0, 2672, 0, 187, 58, 195, 29, 346, 254, 0, 0, 0, 0, 350, 185, 308, 334, 0, 3, 0, 0, 1100, 64902, 0, 0, 0, 1718187379.925594
0, 0, 6, 0, 5, 0, 0, 0, 0, 3300, 0, 0, 0, 2672, 0, 187, 58, 195, 29, 346, 254, 0, 0, 0, 0, 350, 185, 308, 334, 0, 3, 0, 0, 1100, 64902, 0, 0, 0, 1718187380.0382788
0, 0, 6, 0, 5, 0, 0, 0, 0, 3300, 0, 0, 0, 2672, 0, 187, 58, 195, 29, 346, 254, 0, 0, 1, 0, 350, 185, 308, 334, 0, 3, 0, 0, 1100, 64902, 0, 0, 83, 1718187380.148917
0, 0, 6, 0, 5, 0, 0, 0, 0, 3300, 0, 0, 0, 2672, 0, 187, 58, 195, 29, 346, 254, 0, 0, 1, 0, 350, 185, 308, 334, 0, 3, 0, 0, 1100, 64902, 0, 0, 83, 1718187380.261299
0, 0, 6, 0, 5, 0, 0, 0, 0, 3300, 0, 0, 0, 2670, 0, 187, 58, 195, 29, 346, 254, 0, 0, 1, 0, 350, 185, 308, 334, 0, 3, 0, 0, 1100, 64902, 0, 0, 83, 1718187380.376535
0, 0, 6, 0, 5, 0, 0, 0, 0, 3300, 0, 0, 0, 2670, 0, 182, 58, 195, 29, 346, 254, 0, 0, 1, 0, 350, 185, 308, 334, 0, 3, 0, 0, 1100, 64902, 0, 0, 83, 1718187380.4885771
0, 0, 6, 0, 5, 0, 0, 0, 0, 3300, 0, 0, 0, 2670, 0, 182, 58, 195, 29, 346, 254, 0, 0, 1, 0, 350, 185, 308, 334, 0, 3, 0, 0, 1100, 64902, 0, 0, 83, 1718187380.6045032
0, 0, 6, 0, 5, 0, 0, 0, 0, 3300, 0, 0, 0, 2670, 0, 182, 58, 195, 29, 346, 254, 0, 0, 1, 0, 350, 185, 308, 334, 0, 3, 0, 0, 1100, 64902, 0, 0, 83, 1718187380.71694
0, 0, 6, 0, 5, 0, 0, 0, 0, 3300, 0, 0, 0, 2670, 0, 182, 58, 195, 29, 346, 254, 0, 0, 1, 0, 350, 185, 308, 334, 0, 3, 0, 0, 1100, 64902, 0, 0, 83, 1718187380.8491678
0, 0, 6, 0, 5, 0, 0, 0, 0, 3300, 0, 0, 0, 2670, 0, 182, 58, 195, 29, 346, 254, 0, 0, 0, 0, 350, 185, 308, 334, 0, 3, 0, 0, 1100, 64902, 0, 0, 0, 1718187380.964305
0, 0, 6, 0, 5, 0, 0, 0, 0, 3300, 0, 0, 0, 2667, 0, 190, 58, 186, 28, 347, 257, 1, 0, 0, 0, 351, 188, 308, 334, 0, 3, 0, 0, 1100, 64902, 22, 0, 0, 1718187381.076171
0, 0, 6, 0, 5, 0, 0, 0, 0, 3300, 0, 0, 0, 2667, 0, 190, 58, 186, 28, 347, 257, 1, 0, 0, 0, 351, 188, 308, 334, 0, 3, 0, 0, 1100, 64902, 22, 0, 0, 1718187381.194098
0, 0, 6, 0, 5, 0, 0, 0, 0, 3300, 0, 0, 0, 2664, 0, 190, 58, 186, 28, 347, 257, 1, 0, 0, 0, 351, 188, 308, 334, 0, 3, 0, 0, 1100, 64902, 22, 0, 0, 1718187381.303382
0, 0, 6, 0, 5, 0, 0, 0, 0, 3300, 0, 0, 0, 2664, 0, 190, 58, 186, 28, 347, 257, 1, 0, 0, 0, 351, 188, 308, 334, 0, 3, 0, 0, 1100, 64902, 22, 0, 0, 1718187381.414913
0, 0, 6, 0, 5, 0, 0, 0, 0, 3300, 0, 0, 0, 2664, 0, 192, 59, 186, 28, 347, 257, 1, 0, 0, 0, 351, 188, 308, 334, 0, 3, 0, 0, 1100, 64902, 22, 0, 0, 1718187381.527421
0, 0, 6, 0, 5, 0, 0, 0, 0, 3300, 0, 0, 0, 2664, 0, 192, 59, 186, 28, 347, 257, 1, 0, 0, 0, 351, 188, 308, 334, 0, 3, 0, 0, 1100, 64902, 22, 0, 0, 1718187381.6399958
0, 0, 6, 0, 5, 0, 0, 0, 0, 3300, 0, 0, 0, 2661, 0, 192, 59, 186, 28, 347, 257, 1, 0, 0, 0, 351, 188, 308, 334, 0, 3, 0, 0, 1100, 64902, 22, 0, 0, 1718187381.748817
0, 0, 6, 0, 5, 0, 0, 0, 0, 3300, 0, 0, 0, 2661, 0, 192, 59, 186, 28, 347, 257, 1, 0, 0, 0, 351, 188, 308, 334, 0, 3, 0, 0, 1100, 64902, 22, 0, 0, 1718187381.858321
0, 0, 6, 0, 5, 0, 0, 0, 0, 3300, 0, 0, 0, 2661, 0, 192, 59, 186, 28, 347, 257, 0, 0, 0, 0, 351, 188, 308, 334, 0, 3, 0, 0, 1100, 64902, 0, 0, 0, 1718187381.971533
0, 0, 6, 0, 5, 0, 0, 0, 0, 3300, 0, 0, 0, 2661, 0, 183, 59, 186, 28, 347, 257, 0, 0, 0, 0, 351, 188, 308, 334, 0, 3, 0, 0, 1100, 64902, 0, 0, 0, 1718187382.083979
0, 0, 6, 0, 5, 0, 0, 0, 0, 3300, 0, 0, 0, 2661, 0, 183, 59, 186, 28, 347, 257, 0, 0, 0, 0, 351, 188, 308, 334, 0, 3, 0, 0, 1100, 64902, 0, 0, 0, 1718187382.196479
0, 0, 6, 0, 5, 0, 0, 0, 0, 3300, 0, 0, 0, 2658, 0, 183, 59, 186, 28, 347, 257, 0, 0, 0, 0, 351, 188, 308, 334, 0, 3, 0, 0, 1100, 64902, 0, 0, 0, 1718187382.309537
0, 0, 6, 0, 5, 0, 0, 0, 0, 3300, 0, 0, 0, 2658, 0, 183, 59, 186, 28, 347, 257, 0, 0, 0, 0, 351, 188, 308, 334, 0, 3, 0, 0, 1100, 64902, 0, 0, 0, 1718187382.419101
0, 0, 6, 0, 5, 0, 0, 0, 0, 3300, 0, 0, 0, 2658, 0, 183, 59, 186, 28, 347, 257, 0, 0, 0, 0, 351, 188, 308, 334, 0, 3, 0, 0, 1100, 64902, 0, 0, 0, 1718187382.531858
0, 0, 6, 0, 5, 0, 0, 0, 0, 3300, 0, 0, 0, 2658, 0, 187, 59, 186, 28, 347, 257, 0, 0, 0, 0, 351, 188, 308, 334, 0, 3, 0, 0, 1100, 64902, 0, 0, 0, 1718187382.644522
0, 0, 6, 0, 5, 0, 0, 0, 0, 3300, 0, 0, 0, 2655, 0, 187, 59, 186, 28, 347, 257, 0, 0, 0, 0, 351, 188, 308, 334, 0, 3, 0, 0, 1100, 64902, 0, 0, 0, 1718187382.754038
0, 0, 6, 0, 5, 0, 0, 0, 0, 3300, 0, 0, 0, 2655, 0, 187, 59, 186, 28, 347, 257, 0, 0, 0, 0, 351, 188, 308, 334, 0, 3, 0, 0, 1100, 64902, 0, 0, 0, 1718187382.866817
0, 0, 6, 0, 5, 0, 0, 0, 0, 3300, 0, 0, 0, 2655, 0, 187, 59, 186, 28, 347, 257, 0, 0, 0, 0, 351, 188, 308, 334, 0, 3, 0, 0, 1100, 64902, 0, 0, 0, 1718187382.978198
0, 0, 6, 0, 5, 0, 0, 0, 0, 3300, 0, 0, 0, 2655, 0, 187, 59, 186, 28, 347, 257, 0, 0, 0, 0, 351, 188, 308, 334, 0, 3, 0, 0, 1100, 64902, 0, 0, 0, 1718187383.0889878
0, 0, 6, 0, 5, 0, 0, 0, 0, 3300, 0, 0, 0, 2652, 0, 188, 59, 184, 29, 346, 255, 0, 0, 0, 0, 351, 190, 308, 334, 0, 3, 0, 0, 1100, 64902, 0, 0, 0, 1718187383.202975
0, 0, 6, 0, 5, 0, 0, 0, 0, 3300, 0, 0, 0, 2652, 0, 188, 59, 184, 29, 346, 255, 0, 0, 0, 0, 351, 190, 308, 334, 0, 3, 0, 0, 1100, 64902, 0, 0, 0, 1718187383.316263
0, 0, 6, 0, 5, 0, 0, 0, 0, 3300, 0, 0, 0, 2652, 0, 188, 59, 184, 29, 346, 255, 0, 0, 0, 0, 351, 190, 308, 334, 0, 3, 0, 0, 1100, 64902, 0, 0, 0, 1718187383.4265878
0, 0, 6, 0, 5, 0, 0, 0, 0, 3300, 0, 0, 0, 2652, 0, 188, 59, 184, 29, 346, 255, 0, 0, 0, 0, 351, 190, 308, 334, 0, 3, 0, 0, 1100, 64902, 0, 0, 0, 1718187383.536202
0, 0, 6, 0, 5, 0, 0, 0, 0, 3300, 0, 0, 0, 2649, 0, 186, 59, 184, 29, 346, 255, 0, 0, 0, 0, 351, 190, 308, 334, 0, 3, 0, 0, 1100, 64902, 0, 0, 0, 1718187383.649023
0, 0, 6, 0, 5, 0, 0, 0, 0, 3300, 0, 0, 0, 2649, 0, 186, 59, 184, 29, 346, 255, 0, 0, 0, 0, 351, 190, 308, 334, 0, 3, 0, 0, 1100, 64902, 0, 0, 0, 1718187383.759317
0, 0, 6, 0, 5, 0, 0, 0, 0, 3300, 0, 0, 0, 2649, 0, 186, 59, 184, 29, 346, 255, 0, 0, 0, 0, 351, 190, 308, 334, 0, 3, 0, 0, 1100, 64902, 0, 0, 0, 1718187383.869129
0, 0, 6, 0, 5, 0, 0, 0, 0, 3300, 0, 0, 0, 2649, 0, 186, 59, 184, 29, 346, 255, 0, 0, 0, 0, 351, 190, 308, 334, 0, 3, 0, 0, 1100, 64902, 0, 0, 0, 1718187383.9814148
0, 0, 6, 0, 5, 0, 0, 0, 0, 3300, 0, 0, 0, 2646, 0, 186, 60, 184, 29, 346, 255, 0, 0, 0, 0, 351, 190, 308, 334, 0, 3, 0, 0, 1100, 64902, 0, 0, 0, 1718187384.093398
0, 0, 6, 0, 5, 0, 0, 0, 0, 3300, 0, 0, 0, 2646, 0, 186, 60, 184, 29, 346, 255, 0, 0, 0, 0, 351, 190, 308, 334, 0, 3, 0, 0, 1100, 64902, 0, 0, 0, 1718187384.206101
0, 0, 6, 0, 5, 0, 0, 0, 0, 3300, 0, 0, 0, 2646, 0, 186, 60, 184, 29, 346, 255, 0, 0, 0, 0, 351, 190, 308, 334, 0, 3, 0, 0, 1100, 64902, 0, 0, 0, 1718187384.317843
0, 0, 6, 0, 5, 0, 0, 0, 0, 3300, 0, 0, 0, 2646, 0, 186, 60, 184, 29, 346, 255, 0, 0, 0, 0, 351, 190, 308, 334, 0, 3, 0, 0, 1100, 64902, 0, 0, 0, 1718187384.429663
0, 0, 6, 0, 5, 0, 0, 0, 0, 3300, 0, 0, 0, 2643, 0, 186, 60, 184, 29, 346, 255, 0, 0, 0, 0, 351, 190, 308, 334, 0, 3, 0, 0, 1100, 64902, 0, 0, 0, 1718187384.5379572
0, 0, 6, 0, 5, 0, 0, 0, 0, 3300, 0, 0, 0, 2643, 0, 186, 60, 184, 29, 346, 255, 0, 0, 0, 0, 351, 190, 308, 334, 0, 3, 0, 0, 1100, 64902, 0, 0, 0, 1718187384.6497128
0, 0, 6, 0, 5, 0, 0, 0, 0, 3300, 0, 0, 0, 2643, 0, 186, 60, 184, 29, 346, 255, 0, 0, 0, 0, 351, 190, 308, 334, 0, 3, 0, 0, 1100, 64902, 0, 0, 0, 1718187384.7606652
0, 0, 6, 0, 5, 0, 0, 0, 0, 3300, 0, 0, 0, 2643, 0, 186, 60, 176, 29, 343, 253, 0, 0, 0, 0, 351, 191, 309, 334, 0, 3, 0, 0, 1100, 64902, 0, 0, 0, 1718187384.872032
0, 0, 6, 0, 5, 0, 0, 0, 0, 3300, 0, 0, 0, 2640, 0, 186, 60, 176, 29, 343, 253, 0, 0, 0, 0, 351, 191, 309, 334, 0, 3, 0, 0, 1100, 64902, 0, 0, 0, 1718187384.9853141
0, 0, 6, 0, 5, 0, 0, 0, 0, 3300, 0, 0, 0, 2640, 0, 186, 60, 176, 29, 343, 253, 0, 0, 0, 0, 351, 191, 309, 334, 0, 3, 0, 0, 1100, 64902, 0, 0, 0, 1718187385.093225
0, 0, 6, 0, 5, 0, 0, 0, 0, 3300, 0, 0, 0, 2640, 0, 186, 60, 176, 29, 343, 253, 1, 0, 0, 0, 351, 191, 309, 334, 0, 3, 0, 0, 1100, 64902, 55, 0, 0, 1718187385.2035751
0, 0, 6, 0, 5, 0, 0, 0, 0, 3300, 0, 0, 0, 2640, 0, 186, 60, 176, 29, 343, 253, 1, 0, 0, 0, 351, 191, 309, 334, 0, 3, 0, 0, 1100, 64902, 55, 0, 0, 1718187385.3197498
0, 0, 6, 0, 5, 0, 0, 0, 0, 3300, 0, 0, 0, 2638, 0, 186, 60, 176, 29, 343, 253, 1, 0, 0, 0, 351, 191, 309, 334, 0, 3, 0, 0, 1100, 64902, 55, 0, 0, 1718187385.432276
0, 0, 6, 0, 5, 0, 0, 0, 0, 3300, 0, 0, 0, 2638, 0, 186, 60, 176, 29, 343, 253, 1, 0, 0, 0, 351, 191, 309, 334, 0, 3, 0, 0, 1100, 64902, 55, 0, 0, 1718187385.546155
0, 0, 6, 0, 5, 0, 0, 0, 0, 3300, 0, 0, 0, 2638, 0, 192, 60, 176, 29, 343, 253, 1, 0, 0, 0, 351, 191, 309, 334, 0, 3, 0, 0, 1100, 64902, 55, 0, 0, 1718187385.65644
0, 0, 6, 0, 5, 0, 0, 0, 0, 3300, 0, 0, 0, 2638, 0, 192, 60, 176, 29, 343, 253, 1, 0, 0, 0, 351, 191, 309, 334, 0, 3, 0, 0, 1100, 64902, 55, 0, 0, 1718187385.769854
0, 0, 6, 0, 5, 0, 0, 0, 0, 3300, 0, 0, 0, 2635, 0, 192, 60, 176, 29, 343, 253, 1, 0, 0, 0, 351, 191, 309, 334, 0, 3, 0, 0, 1100, 64902, 55, 0, 0, 1718187385.883144
0, 0, 6, 0, 5, 0, 0, 0, 0, 3300, 0, 0, 0, 2635, 0, 192, 60, 176, 29, 343, 253, 0, 0, 0, 0, 351, 191, 309, 334, 0, 3, 0, 0, 1100, 64902, 0, 0, 0, 1718187385.996015
0, 0, 6, 0, 5, 0, 0, 0, 0, 3300, 0, 0, 0, 2635, 0, 182, 60, 176, 29, 343, 253, 0, 0, 1, 0, 351, 191, 309, 334, 0, 3, 0, 0, 1100, 64902, 0, 0, 23, 1718187386.1045718
0, 0, 6, 0, 5, 0, 0, 0, 0, 3300, 0, 0, 0, 2635, 0, 182, 60, 176, 29, 343, 253, 0, 0, 1, 0, 351, 191, 309, 334, 0, 3, 0, 0, 1100, 64902, 0, 0, 23, 1718187386.2141519
0, 0, 6, 0, 5, 0, 0, 0, 0, 3300, 0, 0, 0, 2632, 0, 182, 60, 176, 29, 343, 253, 0, 0, 1, 0, 351, 191, 309, 334, 0, 3, 0, 0, 1100, 64902, 0, 0, 23, 1718187386.324139
0, 0, 6, 0, 5, 0, 0, 0, 0, 3300, 0, 0, 0, 2632, 0, 182, 60, 176, 29, 343, 253, 0, 0, 1, 0, 351, 191, 309, 334, 0, 3, 0, 0, 1100, 64902, 0, 0, 23, 1718187386.43619
0, 0, 6, 0, 5, 0, 0, 0, 0, 3300, 0, 0, 0, 2632, 0, 185, 60, 176, 29, 343, 253, 0, 0, 1, 0, 351, 191, 309, 334, 0, 3, 0, 0, 1100, 64902, 0, 0, 23, 1718187386.551093
0, 0, 6, 0, 5, 0, 0, 0, 0, 3300, 0, 0, 0, 2632, 0, 185, 60, 176, 29, 343, 253, 0, 0, 1, 0, 351, 191, 309, 334, 0, 3, 0, 0, 1100, 64902, 0, 0, 23, 1718187386.660925
0, 0, 6, 0, 5, 0, 0, 0, 0, 3300, 0, 0, 0, 2632, 0, 185, 60, 176, 29, 343, 253, 0, 0, 1, 0, 351, 191, 309, 334, 0, 3, 0, 0, 1100, 64902, 0, 0, 23, 1718187386.773542
0, 0, 6, 0, 5, 0, 0, 0, 0, 3300, 0, 0, 0, 2632, 0, 185, 60, 194, 29, 344, 255, 0, 0, 1, 0, 351, 193, 308, 334, 0, 3, 0, 0, 1100, 64902, 0, 0, 23, 1718187386.887512
0, 0, 6, 0, 5, 0, 0, 0, 0, 3300, 0, 0, 0, 2629, 0, 185, 60, 194, 29, 344, 255, 0, 0, 0, 0, 351, 193, 308, 334, 0, 3, 0, 0, 1100, 64902, 0, 0, 0, 1718187386.998728
0, 0, 6, 0, 5, 0, 0, 0, 0, 3300, 0, 0, 0, 2629, 0, 189, 60, 194, 29, 344, 255, 0, 0, 0, 0, 351, 193, 308, 334, 0, 3, 0, 0, 1100, 64902, 0, 0, 0, 1718187387.117447
0, 0, 6, 0, 5, 0, 0, 0, 0, 3300, 0, 0, 0, 2629, 0, 189, 60, 194, 29, 344, 255, 0, 0, 0, 0, 351, 193, 308, 334, 0, 3, 0, 0, 1100, 64902, 0, 0, 0, 1718187387.228983
0, 0, 6, 0, 5, 0, 0, 0, 0, 3300, 0, 0, 0, 2626, 0, 189, 60, 194, 29, 344, 255, 0, 0, 0, 0, 351, 193, 308, 334, 0, 3, 0, 0, 1100, 64902, 0, 0, 0, 1718187387.340596
0, 0, 6, 0, 5, 0, 0, 0, 0, 3300, 0, 0, 0, 2626, 0, 189, 60, 194, 29, 344, 255, 0, 0, 0, 0, 351, 193, 308, 334, 0, 3, 0, 0, 1100, 64902, 0, 0, 0, 1718187387.454101
0, 0, 6, 0, 5, 0, 0, 0, 0, 3300, 0, 0, 0, 2626, 0, 189, 60, 194, 29, 344, 255, 0, 0, 0, 0, 351, 193, 308, 334, 0, 3, 0, 0, 1100, 64902, 0, 0, 0, 1718187387.567198
0, 0, 6, 0, 5, 0, 0, 0, 0, 3300, 0, 0, 0, 2626, 0, 189, 60, 194, 29, 344, 255, 0, 0, 0, 0, 351, 193, 308, 334, 0, 3, 0, 0, 1100, 64902, 0, 0, 0, 1718187387.6867871
0, 0, 6, 0, 5, 0, 0, 0, 0, 3300, 0, 0, 0, 2623, 0, 185, 61, 181, 28, 346, 255, 0, 0, 0, 0, 351, 194, 308, 334, 0, 3, 0, 0, 1100, 64902, 0, 0, 0, 1718187387.799419
0, 0, 6, 0, 5, 0, 0, 0, 0, 3300, 0, 0, 0, 2623, 0, 185, 61, 181, 28, 346, 255, 0, 0, 0, 0, 351, 194, 308, 334, 0, 3, 0, 0, 1100, 64902, 0, 0, 0, 1718187387.913249
0, 0, 6, 0, 5, 0, 0, 0, 0, 3300, 0, 0, 0, 2623, 0, 185, 61, 181, 28, 346, 255, 0, 0, 0, 0, 351, 194, 308, 334, 0, 3, 0, 0, 1100, 64902, 0, 0, 0, 1718187388.028497
0, 0, 6, 0, 5, 0, 0, 0, 0, 3300, 0, 0, 0, 2623, 0, 185, 61, 181, 28, 346, 255, 0, 0, 0, 0, 351, 194, 308, 334, 0, 3, 0, 0, 1100, 64902, 0, 0, 0, 1718187388.139593
0, 0, 6, 0, 5, 0, 0, 0, 0, 3300, 0, 0, 0, 2623, 0, 181, 61, 181, 28, 346, 255, 0, 0, 0, 0, 351, 194, 308, 334, 0, 3, 0, 0, 1100, 64902, 0, 0, 0, 1718187388.250085
0, 0, 6, 0, 5, 0, 0, 0, 0, 3300, 0, 0, 0, 2623, 0, 181, 61, 181, 28, 346, 255, 0, 0, 0, 0, 351, 194, 308, 334, 0, 3, 0, 0, 1100, 64902, 0, 0, 0, 1718187388.363892
0, 0, 6, 0, 5, 0, 0, 0, 0, 3300, 0, 0, 0, 2623, 0, 181, 61, 181, 28, 346, 255, 0, 0, 0, 0, 351, 194, 308, 334, 0, 3, 0, 0, 1100, 64902, 0, 0, 0, 1718187388.477636
0, 0, 6, 0, 5, 0, 0, 0, 0, 3300, 0, 0, 0, 2620, 0, 181, 61, 181, 28, 346, 255, 1, 0, 1, 0, 351, 194, 308, 334, 0, 3, 0, 0, 1100, 64902, 52, 0, 50, 1718187388.586157
0, 0, 6, 0, 5, 0, 0, 0, 0, 3300, 0, 0, 0, 2620, 0, 181, 61, 181, 28, 346, 255, 1, 0, 1, 0, 351, 194, 308, 334, 0, 3, 0, 0, 1100, 64902, 52, 0, 50, 1718187388.697657
0, 0, 6, 0, 5, 0, 0, 0, 0, 3300, 0, 0, 0, 2617, 0, 186, 61, 181, 28, 346, 255, 1, 0, 1, 0, 351, 194, 308, 334, 0, 3, 0, 0, 1100, 64902, 52, 0, 50, 1718187388.811105
0, 0, 6, 0, 5, 0, 0, 0, 0, 3300, 0, 0, 0, 2617, 0, 186, 61, 181, 28, 346, 255, 1, 0, 1, 0, 351, 194, 308, 334, 0, 3, 0, 0, 1100, 64902, 52, 0, 50, 1718187388.919469
0, 0, 6, 0, 5, 0, 0, 0, 0, 3300, 0, 0, 0, 2617, 0, 186, 61, 181, 28, 346, 255, 0, 0, 0, 0, 351, 194, 308, 334, 0, 3, 0, 0, 1100, 64902, 0, 0, 0, 1718187389.0318289
0, 0, 6, 0, 5, 0, 0, 0, 0, 3300, 0, 0, 0, 2617, 0, 186, 61, 181, 28, 346, 255, 0, 0, 0, 0, 351, 194, 308, 334, 0, 3, 0, 0, 1114, 64902, 0, 0, 0, 1718187389.145418
0, 0, 6, 0, 5, 0, 0, 0, 0, 3300, 0, 0, 0, 2614, 0, 188, 60, 181, 28, 346, 255, 0, 0, 0, 0, 351, 194, 308, 334, 0, 3, 0, 0, 1114, 64902, 0, 0, 0, 1718187389.254009
0, 0, 6, 0, 5, 0, 0, 0, 0, 3300, 0, 0, 0, 2614, 0, 188, 60, 181, 28, 346, 255, 0, 0, 0, 0, 351, 194, 308, 334, 0, 3, 0, 0, 1114, 64902, 0, 0, 0, 1718187389.3639119
0, 0, 6, 0, 5, 0, 0, 0, 0, 3300, 0, 0, 0, 2614, 0, 188, 60, 181, 28, 346, 255, 0, 0, 0, 0, 351, 194, 308, 334, 0, 3, 0, 0, 1114, 64902, 0, 0, 0, 1718187389.479455
0, 0, 6, 0, 5, 0, 0, 0, 0, 3300, 0, 0, 0, 2614, 0, 188, 60, 170, 28, 344, 253, 0, 0, 0, 0, 350, 193, 309, 334, 0, 3, 0, 0, 1114, 64902, 0, 0, 0, 1718187389.589597
0, 0, 6, 0, 5, 0, 0, 0, 0, 3300, 0, 0, 0, 2611, 0, 188, 60, 170, 28, 344, 253, 0, 0, 0, 0, 350, 193, 309, 334, 0, 3, 0, 0, 1114, 64902, 0, 0, 0, 1718187389.698745
0, 0, 6, 0, 5, 0, 0, 0, 0, 3300, 0, 0, 0, 2611, 0, 194, 60, 170, 28, 344, 253, 0, 0, 0, 0, 350, 193, 309, 334, 0, 3, 0, 0, 1114, 64902, 0, 0, 0, 1718187389.812193
0, 0, 6, 0, 5, 0, 0, 0, 0, 3300, 0, 0, 0, 2611, 0, 194, 60, 170, 28, 344, 253, 0, 0, 0, 0, 350, 193, 309, 334, 0, 3, 0, 0, 1114, 64902, 0, 0, 0, 1718187389.9208179
0, 0, 6, 0, 5, 0, 0, 0, 0, 3300, 0, 0, 0, 2611, 0, 194, 60, 170, 28, 344, 253, 0, 0, 0, 0, 350, 193, 309, 334, 0, 3, 0, 0, 1114, 64902, 0, 0, 0, 1718187390.03012
0, 0, 6, 0, 5, 0, 0, 0, 0, 3300, 0, 0, 0, 2608, 0, 194, 60, 170, 28, 344, 253, 0, 0, 0, 0, 350, 193, 309, 334, 0, 3, 0, 0, 1114, 64902, 0, 0, 0, 1718187390.1368058
0, 0, 6, 0, 5, 0, 0, 0, 0, 3300, 0, 0, 0, 2608, 0, 194, 60, 170, 28, 344, 253, 0, 0, 0, 0, 350, 193, 309, 334, 0, 3, 0, 0, 1114, 64902, 0, 0, 0, 1718187390.252469
0, 0, 6, 0, 5, 0, 0, 0, 0, 3300, 0, 0, 0, 2608, 0, 188, 60, 170, 28, 344, 253, 0, 0, 0, 0, 350, 193, 309, 334, 0, 3, 0, 0, 1114, 64902, 0, 0, 0, 1718187390.365498
0, 0, 6, 0, 5, 0, 0, 0, 0, 3300, 0, 0, 0, 2608, 0, 188, 60, 170, 28, 344, 253, 0, 0, 0, 0, 350, 193, 309, 334, 0, 3, 0, 0, 1114, 64902, 0, 0, 0, 1718187390.473595
0, 0, 6, 0, 5, 0, 0, 0, 0, 3300, 0, 0, 0, 2605, 0, 188, 60, 170, 28, 344, 253, 0, 0, 0, 0, 350, 193, 309, 334, 0, 3, 0, 0, 1114, 64902, 0, 0, 0, 1718187390.584783
0, 0, 6, 0, 5, 0, 0, 0, 0, 3300, 0, 0, 0, 2605, 0, 188, 60, 170, 28, 344, 253, 0, 0, 0, 0, 350, 193, 309, 334, 0, 3, 0, 0, 1114, 64902, 0, 0, 0, 1718187390.695296
0, 0, 6, 0, 5, 0, 0, 0, 0, 3300, 0, 0, 0, 2605, 0, 193, 60, 170, 28, 344, 253, 0, 0, 0, 0, 350, 193, 309, 334, 0, 3, 0, 0, 1114, 64902, 0, 0, 0, 1718187390.808894
0, 0, 6, 0, 5, 0, 0, 0, 0, 3300, 0, 0, 0, 2605, 0, 193, 60, 170, 28, 344, 253, 0, 0, 0, 0, 350, 193, 309, 334, 0, 3, 0, 0, 1114, 64902, 0, 0, 0, 1718187390.921163
0, 0, 6, 0, 5, 0, 0, 0, 0, 3300, 0, 0, 0, 2603, 0, 193, 60, 170, 28, 344, 253, 0, 0, 0, 0, 350, 193, 309, 334, 0, 3, 0, 0, 1114, 64902, 0, 0, 0, 1718187391.032326
0, 0, 6, 0, 5, 0, 0, 0, 0, 3300, 0, 0, 0, 2603, 0, 193, 60, 170, 28, 344, 253, 0, 0, 0, 0, 350, 193, 309, 334, 0, 3, 0, 0, 1114, 64902, 0, 0, 0, 1718187391.144372
0, 0, 6, 0, 5, 0, 0, 0, 0, 3300, 0, 0, 0, 2603, 0, 192, 61, 170, 28, 344, 253, 0, 0, 0, 0, 350, 193, 309, 334, 0, 3, 0, 0, 1114, 64902, 0, 0, 0, 1718187391.2552588
0, 0, 6, 0, 5, 0, 0, 0, 0, 3300, 0, 0, 0, 2603, 0, 192, 61, 170, 28, 344, 253, 0, 0, 0, 0, 350, 193, 309, 334, 0, 3, 0, 0, 1114, 64902, 0, 0, 0, 1718187391.366631
0, 0, 6, 0, 5, 0, 0, 0, 0, 3300, 0, 0, 0, 2600, 0, 192, 61, 170, 28, 344, 253, 0, 0, 0, 0, 350, 193, 309, 334, 0, 3, 0, 0, 1114, 64902, 0, 0, 0, 1718187391.478335
0, 0, 6, 0, 5, 0, 0, 0, 0, 3300, 0, 0, 0, 2600, 0, 192, 61, 170, 28, 344, 253, 0, 0, 0, 0, 350, 193, 309, 334, 0, 3, 0, 0, 1114, 64902, 0, 0, 0, 1718187391.589683
0, 0, 6, 0, 5, 0, 0, 0, 0, 3300, 0, 0, 0, 2600, 0, 192, 61, 170, 28, 344, 253, 0, 0, 0, 0, 350, 193, 309, 334, 0, 3, 0, 0, 1114, 64902, 0, 0, 0, 1718187391.69891
0, 0, 6, 0, 5, 0, 0, 0, 0, 3300, 0, 0, 0, 2600, 0, 192, 61, 170, 28, 344, 253, 0, 0, 0, 0, 350, 193, 309, 334, 0, 3, 0, 0, 1114, 64902, 0, 0, 0, 1718187391.807182
0, 0, 6, 0, 5, 0, 0, 0, 0, 3300, 0, 0, 0, 2597, 0, 184, 61, 184, 29, 336, 250, 0, 0, 0, 0, 350, 190, 309, 334, 0, 3, 0, 0, 1114, 64902, 0, 0, 0, 1718187391.917532
0, 0, 6, 0, 5, 0, 0, 0, 0, 3300, 0, 0, 0, 2597, 0, 184, 61, 184, 29, 336, 250, 0, 0, 0, 0, 350, 190, 309, 334, 0, 3, 0, 0, 1114, 64902, 0, 0, 0, 1718187392.030935
0, 0, 6, 0, 5, 0, 0, 0, 0, 3300, 0, 0, 0, 2597, 0, 184, 61, 184, 29, 336, 250, 0, 0, 0, 0, 350, 190, 309, 334, 0, 3, 0, 0, 1114, 64902, 0, 0, 0, 1718187392.142328
0, 0, 6, 0, 5, 0, 0, 0, 0, 3300, 0, 0, 0, 2597, 0, 184, 61, 184, 29, 336, 250, 0, 0, 0, 0, 350, 190, 309, 334, 0, 3, 0, 0, 1114, 64902, 0, 0, 0, 1718187392.2510211
0, 0, 6, 0, 5, 0, 0, 0, 0, 3300, 0, 0, 0, 2594, 0, 195, 61, 184, 29, 336, 250, 0, 0, 0, 0, 350, 190, 309, 334, 0, 3, 0, 0, 1114, 64902, 0, 0, 0, 1718187392.363488
0, 0, 6, 0, 5, 0, 0, 0, 0, 3300, 0, 0, 0, 2594, 0, 195, 61, 184, 29, 336, 250, 0, 0, 0, 0, 350, 190, 309, 334, 0, 3, 0, 0, 1114, 64902, 0, 0, 0, 1718187392.4759018
0, 0, 6, 0, 5, 0, 0, 0, 0, 3300, 0, 0, 0, 2594, 0, 195, 61, 184, 29, 336, 250, 0, 0, 0, 0, 350, 190, 309, 334, 0, 3, 0, 0, 1114, 64902, 0, 0, 0, 1718187392.587086
0, 0, 6, 0, 5, 0, 0, 0, 0, 3300, 0, 0, 0, 2594, 0, 195, 61, 184, 29, 336, 250, 0, 0, 0, 0, 350, 190, 309, 334, 0, 3, 0, 0, 1114, 64902, 0, 0, 0, 1718187392.6985521
0, 0, 6, 0, 5, 0, 0, 0, 0, 3300, 0, 0, 0, 2591, 0, 189, 61, 184, 29, 336, 250, 0, 0, 0, 0, 350, 190, 309, 334, 0, 3, 0, 0, 1114, 64902, 0, 0, 0, 1718187392.8116622
0, 0, 6, 0, 5, 0, 0, 0, 0, 3300, 0, 0, 0, 2591, 0, 189, 61, 184, 29, 336, 250, 0, 0, 0, 0, 350, 190, 309, 334, 0, 3, 0, 0, 1114, 64902, 0, 0, 0, 1718187392.918559
0, 0, 6, 0, 5, 0, 0, 0, 0, 3300, 0, 0, 0, 2591, 0, 189, 61, 184, 29, 336, 250, 0, 0, 0, 0, 350, 190, 309, 334, 0, 3, 0, 0, 1114, 64902, 0, 0, 0, 1718187393.0277288
0, 0, 6, 0, 5, 0, 0, 0, 0, 3300, 0, 0, 0, 2591, 0, 189, 61, 184, 29, 336, 250, 0, 0, 0, 0, 350, 190, 309, 334, 0, 3, 0, 0, 1114, 64902, 0, 0, 0, 1718187393.1366332
0, 0, 6, 0, 5, 0, 0, 0, 0, 3300, 0, 0, 0, 2588, 0, 189, 61, 184, 29, 336, 250, 0, 0, 0, 0, 350, 190, 309, 334, 0, 3, 0, 0, 1114, 64902, 0, 0, 0, 1718187393.259959
0, 0, 6, 0, 5, 0, 0, 0, 0, 3300, 0, 0, 0, 2588, 0, 183, 61, 184, 29, 336, 250, 0, 0, 0, 0, 350, 190, 309, 334, 0, 3, 0, 0, 1114, 64902, 0, 0, 0, 1718187393.3712661
0, 0, 6, 0, 5, 0, 0, 0, 0, 3300, 0, 0, 0, 2588, 0, 183, 61, 184, 29, 336, 250, 0, 0, 0, 0, 350, 190, 309, 334, 0, 3, 0, 0, 1114, 64902, 0, 0, 0, 1718187393.486691
0, 0, 6, 0, 5, 0, 0, 0, 0, 3300, 0, 0, 0, 2588, 0, 183, 61, 184, 29, 336, 250, 0, 0, 0, 0, 350, 190, 309, 334, 0, 3, 0, 0, 1114, 64902, 0, 0, 0, 1718187393.597557
0, 0, 6, 0, 5, 0, 0, 0, 0, 3300, 0, 0, 0, 2588, 0, 183, 61, 189, 29, 334, 246, 0, 0, 0, 0, 351, 188, 310, 338, 0, 3, 0, 0, 1114, 64902, 0, 0, 0, 1718187393.706157
0, 0, 6, 0, 5, 0, 0, 0, 0, 3300, 0, 0, 0, 2585, 0, 183, 61, 189, 29, 334, 246, 0, 0, 0, 0, 351, 188, 310, 338, 0, 3, 0, 0, 1114, 64902, 0, 0, 0, 1718187393.816517
0, 0, 6, 0, 5, 0, 0, 0, 0, 3300, 0, 0, 0, 2585, 0, 193, 61, 189, 29, 334, 246, 0, 0, 0, 0, 351, 188, 310, 338, 0, 3, 0, 0, 1114, 64902, 0, 0, 0, 1718187393.930484
0, 0, 6, 0, 5, 0, 0, 0, 0, 3300, 0, 0, 0, 2585, 0, 193, 61, 189, 29, 334, 246, 0, 0, 0, 0, 351, 188, 310, 338, 0, 3, 0, 0, 1114, 64902, 0, 0, 0, 1718187394.038999
0, 0, 6, 0, 5, 0, 0, 0, 0, 3300, 0, 0, 0, 2585, 0, 193, 61, 189, 29, 334, 246, 0, 0, 0, 0, 351, 188, 310, 338, 0, 3, 0, 0, 1114, 64902, 0, 0, 0, 1718187394.150208
0, 0, 6, 0, 5, 0, 0, 0, 0, 3300, 0, 0, 0, 2582, 0, 193, 61, 189, 29, 334, 246, 0, 0, 0, 0, 351, 188, 310, 338, 0, 3, 0, 0, 1114, 64902, 0, 0, 0, 1718187394.2616708
0, 0, 6, 0, 5, 0, 0, 0, 0, 3300, 0, 0, 0, 2582, 0, 193, 61, 189, 29, 334, 246, 0, 0, 0, 0, 351, 188, 310, 338, 0, 3, 0, 0, 1114, 64902, 0, 0, 0, 1718187394.372629
0, 0, 6, 0, 5, 0, 0, 0, 0, 3300, 0, 0, 0, 2582, 0, 183, 60, 189, 29, 334, 246, 0, 0, 0, 0, 351, 188, 310, 338, 0, 3, 0, 0, 1114, 64902, 0, 0, 0, 1718187394.483561
0, 0, 6, 0, 5, 0, 0, 0, 0, 3300, 0, 0, 0, 2582, 0, 183, 60, 189, 29, 334, 246, 0, 0, 0, 0, 351, 188, 310, 338, 0, 3, 0, 0, 1114, 64902, 0, 0, 0, 1718187394.595705
0, 0, 6, 0, 5, 0, 0, 0, 0, 3300, 0, 0, 0, 2580, 0, 183, 60, 189, 29, 334, 246, 0, 0, 0, 0, 351, 188, 310, 338, 0, 3, 0, 0, 1114, 64902, 0, 0, 0, 1718187394.706259
0, 0, 6, 0, 5, 0, 0, 0, 0, 3300, 0, 0, 0, 2580, 0, 183, 60, 189, 29, 334, 246, 0, 0, 0, 0, 351, 188, 310, 338, 0, 3, 0, 0, 1114, 64902, 0, 0, 0, 1718187394.81558
0, 0, 6, 0, 5, 0, 0, 0, 0, 3300, 0, 0, 0, 2580, 0, 185, 61, 189, 29, 334, 246, 0, 0, 0, 0, 351, 188, 310, 338, 0, 3, 0, 0, 1114, 64902, 0, 0, 0, 1718187394.924716
0, 0, 6, 0, 5, 0, 0, 0, 0, 3300, 0, 0, 0, 2580, 0, 185, 61, 189, 29, 334, 246, 0, 0, 0, 0, 351, 188, 310, 338, 0, 3, 0, 0, 1114, 64902, 0, 0, 0, 1718187395.034962
0, 0, 6, 0, 5, 0, 0, 0, 0, 3300, 0, 0, 0, 2577, 0, 185, 61, 189, 29, 334, 246, 0, 0, 0, 0, 351, 188, 310, 338, 0, 3, 0, 0, 1114, 64902, 0, 0, 0, 1718187395.143052
0, 0, 6, 0, 5, 0, 0, 0, 0, 3300, 0, 0, 0, 2577, 0, 185, 61, 189, 29, 334, 246, 0, 0, 0, 0, 351, 188, 310, 338, 0, 3, 0, 0, 1114, 64902, 0, 0, 0, 1718187395.252695
0, 0, 6, 0, 5, 0, 0, 0, 0, 3300, 0, 0, 0, 2577, 0, 185, 61, 189, 29, 334, 246, 0, 0, 0, 0, 351, 188, 310, 338, 0, 3, 0, 0, 1114, 64902, 0, 0, 0, 1718187395.365643
0, 0, 6, 0, 5, 0, 0, 0, 0, 3300, 0, 0, 0, 2577, 0, 192, 61, 189, 29, 334, 246, 1, 0, 0, 0, 351, 188, 310, 338, 0, 3, 0, 0, 1114, 64902, 52, 0, 0, 1718187395.479159
0, 0, 6, 0, 5, 0, 0, 0, 0, 3300, 0, 0, 0, 2577, 0, 192, 61, 189, 29, 334, 246, 1, 0, 0, 0, 351, 188, 310, 338, 0, 3, 0, 0, 1114, 64902, 52, 0, 0, 1718187395.589843
0, 0, 6, 0, 5, 0, 0, 0, 0, 3300, 0, 0, 0, 2573, 0, 192, 61, 189, 29, 334, 246, 1, 0, 0, 0, 351, 188, 310, 338, 0, 3, 0, 0, 1114, 64902, 52, 0, 0, 1718187395.700455
0, 0, 6, 0, 5, 0, 0, 0, 0, 3300, 0, 0, 0, 2573, 0, 192, 61, 189, 29, 334, 246, 1, 0, 0, 0, 351, 188, 310, 338, 0, 3, 0, 0, 1114, 64902, 52, 0, 0, 1718187395.810238
0, 0, 6, 0, 5, 0, 0, 0, 0, 3300, 0, 0, 0, 2573, 0, 185, 61, 189, 29, 334, 246, 0, 0, 0, 0, 351, 188, 310, 338, 0, 3, 0, 0, 1114, 64902, 0, 0, 0, 1718187395.926862
0, 0, 6, 0, 5, 0, 0, 0, 0, 3300, 0, 0, 0, 2573, 0, 185, 61, 189, 29, 334, 246, 0, 0, 0, 0, 351, 188, 310, 338, 0, 3, 0, 0, 1114, 64902, 0, 0, 0, 1718187396.0381088
0, 0, 6, 0, 5, 0, 0, 0, 0, 3300, 0, 0, 0, 2570, 0, 185, 61, 189, 29, 334, 246, 0, 0, 0, 0, 351, 188, 310, 338, 0, 3, 0, 0, 1114, 64902, 0, 0, 0, 1718187396.1573162
0, 0, 6, 0, 5, 0, 0, 0, 0, 3300, 0, 0, 0, 2570, 0, 185, 61, 189, 29, 334, 246, 0, 0, 0, 0, 351, 188, 310, 338, 0, 3, 0, 0, 1114, 64902, 0, 0, 0, 1718187396.2663512
0, 0, 6, 0, 5, 0, 0, 0, 0, 3300, 0, 0, 0, 2568, 0, 185, 61, 189, 29, 334, 246, 0, 0, 0, 0, 351, 188, 310, 338, 0, 3, 0, 0, 1114, 64902, 0, 0, 0, 1718187396.378929
0, 0, 6, 0, 5, 0, 0, 0, 0, 3300, 0, 0, 0, 2568, 0, 187, 62, 189, 29, 334, 246, 0, 0, 0, 0, 351, 188, 310, 338, 0, 3, 0, 0, 1114, 64902, 0, 0, 0, 1718187396.487508
0, 0, 6, 0, 5, 0, 0, 0, 0, 3300, 0, 0, 0, 2568, 0, 187, 62, 189, 29, 334, 246, 0, 0, 0, 0, 351, 188, 310, 338, 0, 3, 0, 0, 1114, 64902, 0, 0, 0, 1718187396.59822
0, 0, 6, 0, 5, 0, 0, 0, 0, 3300, 0, 0, 0, 2568, 0, 187, 62, 189, 29, 334, 246, 0, 0, 0, 0, 351, 188, 310, 338, 0, 3, 0, 0, 1114, 64902, 0, 0, 0, 1718187396.7119
0, 0, 6, 0, 5, 0, 0, 0, 0, 3300, 0, 0, 0, 2568, 0, 187, 62, 189, 29, 334, 246, 0, 0, 0, 0, 351, 188, 310, 338, 0, 3, 0, 0, 1114, 64902, 0, 0, 0, 1718187396.8265522
0, 0, 6, 0, 5, 0, 0, 0, 0, 3300, 0, 0, 0, 2568, 0, 187, 62, 189, 29, 334, 246, 0, 0, 0, 0, 351, 188, 310, 338, 0, 3, 0, 0, 1114, 64902, 0, 0, 0, 1718187396.938995
0, 0, 6, 0, 5, 0, 0, 0, 0, 3300, 0, 0, 0, 2568, 0, 194, 62, 184, 28, 347, 257, 0, 0, 0, 0, 350, 185, 309, 334, 0, 3, 0, 0, 1114, 64902, 0, 0, 0, 1718187397.051981
0, 0, 6, 0, 5, 0, 0, 0, 0, 3300, 0, 0, 0, 2565, 0, 194, 62, 184, 28, 347, 257, 0, 0, 1, 0, 350, 185, 309, 334, 0, 3, 0, 0, 1114, 64902, 0, 0, 36, 1718187397.164028
0, 0, 6, 0, 5, 0, 0, 0, 0, 3300, 0, 0, 0, 2565, 0, 194, 62, 184, 28, 347, 257, 0, 0, 1, 0, 350, 185, 309, 334, 0, 3, 0, 0, 1114, 64902, 0, 0, 36, 1718187397.271905
0, 0, 6, 0, 5, 0, 0, 0, 0, 3300, 0, 0, 0, 2565, 0, 194, 62, 184, 28, 347, 257, 0, 0, 1, 0, 350, 185, 309, 334, 0, 3, 0, 0, 1114, 64902, 0, 0, 36, 1718187397.381444
0, 0, 6, 0, 5, 0, 0, 0, 0, 3300, 0, 0, 0, 2565, 0, 194, 62, 184, 28, 347, 257, 0, 0, 1, 0, 350, 185, 309, 334, 0, 3, 0, 0, 1114, 64902, 0, 0, 36, 1718187397.4920142
0, 0, 6, 0, 5, 0, 0, 0, 0, 3300, 0, 0, 0, 2562, 0, 193, 62, 189, 29, 335, 245, 0, 0, 1, 0, 351, 185, 309, 334, 0, 3, 0, 0, 1114, 64902, 0, 0, 36, 1718187397.604903
0, 0, 6, 0, 5, 0, 0, 0, 0, 3300, 0, 0, 0, 2562, 0, 193, 62, 189, 29, 335, 245, 0, 0, 1, 0, 351, 185, 309, 334, 0, 3, 0, 0, 1114, 64902, 0, 0, 36, 1718187397.714936
0, 0, 6, 0, 5, 0, 0, 0, 0, 3300, 0, 0, 0, 2559, 0, 193, 62, 189, 29, 335, 245, 0, 0, 1, 0, 351, 185, 309, 334, 0, 3, 0, 0, 1114, 64902, 0, 0, 36, 1718187397.824873
0, 0, 6, 0, 5, 0, 0, 0, 0, 3300, 0, 0, 0, 2559, 0, 193, 62, 189, 29, 335, 245, 0, 0, 0, 0, 351, 185, 309, 334, 0, 3, 0, 0, 1114, 64902, 0, 0, 0, 1718187397.935524
0, 0, 6, 0, 5, 0, 0, 0, 0, 3300, 0, 0, 0, 2559, 0, 193, 62, 189, 29, 335, 245, 0, 0, 0, 0, 351, 185, 309, 334, 0, 3, 0, 0, 1114, 64902, 0, 0, 0, 1718187398.0449321
0, 0, 6, 0, 5, 0, 0, 0, 0, 3300, 0, 0, 0, 2559, 0, 197, 62, 189, 29, 335, 245, 0, 0, 0, 0, 351, 185, 309, 334, 0, 3, 0, 0, 1114, 64902, 0, 0, 0, 1718187398.1562848
0, 0, 6, 0, 5, 0, 0, 0, 0, 3300, 0, 0, 0, 2556, 0, 197, 62, 189, 29, 335, 245, 0, 0, 0, 0, 351, 185, 309, 334, 0, 3, 0, 0, 1114, 64902, 0, 0, 0, 1718187398.272856
0, 0, 6, 0, 5, 0, 0, 0, 0, 3300, 0, 0, 0, 2556, 0, 197, 62, 189, 29, 335, 245, 0, 0, 0, 0, 351, 185, 309, 334, 0, 3, 0, 0, 1114, 64902, 0, 0, 0, 1718187398.3826401
0, 0, 6, 0, 5, 0, 0, 0, 0, 3300, 0, 0, 0, 2556, 0, 197, 62, 189, 29, 335, 245, 0, 0, 0, 0, 351, 185, 309, 334, 0, 3, 0, 0, 1114, 64902, 0, 0, 0, 1718187398.4973152
0, 0, 6, 0, 5, 0, 0, 0, 0, 3300, 0, 0, 0, 2556, 0, 189, 62, 189, 29, 335, 245, 0, 0, 0, 0, 351, 185, 309, 334, 0, 3, 0, 0, 1114, 64902, 0, 0, 0, 1718187398.610914
0, 0, 6, 0, 5, 0, 0, 0, 0, 3300, 0, 0, 0, 2553, 0, 189, 62, 189, 29, 335, 245, 0, 0, 0, 0, 351, 185, 309, 334, 0, 3, 0, 0, 1114, 64902, 0, 0, 0, 1718187398.7261682
0, 0, 6, 0, 5, 0, 0, 0, 0, 3300, 0, 0, 0, 2553, 0, 189, 62, 189, 29, 335, 245, 0, 0, 0, 0, 351, 185, 309, 334, 0, 3, 0, 0, 1114, 64902, 0, 0, 0, 1718187398.838124
0, 0, 6, 0, 5, 0, 0, 0, 0, 3300, 0, 0, 0, 2553, 0, 189, 62, 189, 29, 335, 245, 0, 0, 0, 0, 351, 185, 309, 334, 0, 3, 0, 0, 1114, 64902, 0, 0, 0, 1718187398.948718
0, 0, 6, 0, 5, 0, 0, 0, 0, 3300, 0, 0, 0, 2553, 0, 193, 62, 189, 29, 335, 245, 0, 0, 0, 0, 351, 185, 309, 334, 0, 3, 0, 0, 1114, 64902, 0, 0, 0, 1718187399.063842
0, 0, 6, 0, 5, 0, 0, 0, 0, 3300, 0, 0, 0, 2553, 0, 193, 62, 189, 29, 335, 245, 0, 0, 0, 0, 351, 185, 309, 334, 0, 3, 0, 0, 1114, 64902, 0, 0, 0, 1718187399.17507
0, 0, 6, 0, 5, 0, 0, 0, 0, 3300, 0, 0, 0, 2553, 0, 193, 62, 189, 29, 335, 245, 0, 0, 0, 0, 351, 185, 309, 334, 0, 3, 0, 0, 1114, 64902, 0, 0, 0, 1718187399.284147
0, 0, 6, 0, 5, 0, 0, 0, 0, 3300, 0, 0, 0, 2553, 0, 193, 62, 187, 29, 344, 255, 0, 0, 0, 0, 350, 184, 309, 334, 0, 3, 0, 0, 1114, 64902, 0, 0, 0, 1718187399.395047
0, 0, 6, 0, 5, 0, 0, 0, 0, 3300, 0, 0, 0, 2550, 0, 193, 62, 187, 29, 344, 255, 0, 0, 1, 0, 350, 184, 309, 334, 0, 3, 0, 0, 1114, 64902, 0, 0, 20, 1718187399.505172
0, 0, 6, 0, 5, 0, 0, 0, 0, 3300, 0, 0, 0, 2550, 0, 189, 62, 187, 29, 335, 247, 0, 0, 1, 0, 351, 184, 310, 334, 0, 3, 0, 0, 1114, 64902, 0, 0, 20, 1718187399.6183648
0, 0, 6, 0, 5, 0, 0, 0, 0, 3300, 0, 0, 0, 2548, 0, 189, 62, 187, 29, 335, 247, 0, 0, 1, 0, 351, 184, 310, 334, 0, 3, 0, 0, 1114, 64902, 0, 0, 20, 1718187399.736205
0, 0, 6, 0, 5, 0, 0, 0, 0, 3300, 0, 0, 0, 2548, 0, 189, 62, 187, 29, 335, 247, 0, 0, 1, 0, 351, 184, 310, 334, 0, 3, 0, 0, 1114, 64902, 0, 0, 20, 1718187399.8500638
0, 0, 6, 0, 5, 0, 0, 0, 0, 3300, 0, 0, 0, 2548, 0, 189, 62, 187, 29, 335, 247, 0, 0, 0, 0, 351, 184, 310, 334, 0, 3, 0, 0, 1114, 64902, 0, 0, 0, 1718187399.962324
0, 0, 6, 0, 5, 0, 0, 0, 0, 3300, 0, 0, 0, 2548, 0, 189, 62, 187, 29, 335, 247, 0, 0, 0, 0, 351, 184, 310, 334, 0, 3, 0, 0, 1114, 64902, 0, 0, 0, 1718187400.071939
0, 0, 6, 0, 5, 0, 0, 0, 0, 3300, 0, 0, 0, 2545, 0, 191, 62, 192, 29, 343, 253, 0, 0, 0, 0, 351, 184, 309, 334, 0, 3, 0, 0, 1114, 64902, 0, 0, 0, 1718187400.184785
0, 0, 6, 0, 5, 0, 0, 0, 0, 3300, 0, 0, 0, 2545, 0, 191, 62, 192, 29, 343, 253, 0, 0, 0, 0, 351, 184, 309, 334, 0, 3, 0, 0, 1114, 64902, 0, 0, 0, 1718187400.2964659
0, 0, 6, 0, 5, 0, 0, 0, 0, 3300, 0, 0, 0, 2545, 0, 191, 62, 192, 29, 343, 253, 0, 0, 0, 0, 351, 184, 309, 334, 0, 3, 0, 0, 1114, 64902, 0, 0, 0, 1718187400.4049659
0, 0, 6, 0, 5, 0, 0, 0, 0, 3300, 0, 0, 0, 2545, 0, 191, 62, 192, 29, 343, 253, 0, 0, 0, 0, 351, 184, 309, 334, 0, 3, 0, 0, 1114, 64902, 0, 0, 0, 1718187400.51586
0, 0, 6, 0, 5, 0, 0, 0, 0, 3300, 0, 0, 0, 2545, 0, 191, 62, 192, 29, 343, 253, 0, 0, 0, 0, 351, 184, 309, 334, 0, 3, 0, 0, 1114, 64902, 0, 0, 0, 1718187400.6289139
0, 0, 6, 0, 5, 0, 0, 0, 0, 3300, 0, 0, 0, 2542, 0, 194, 62, 192, 29, 343, 253, 0, 0, 0, 0, 351, 184, 309, 334, 0, 3, 0, 0, 1114, 64902, 0, 0, 0, 1718187400.737314
0, 0, 6, 0, 5, 0, 0, 0, 0, 3300, 0, 0, 0, 2542, 0, 194, 62, 192, 29, 343, 253, 0, 0, 0, 0, 351, 184, 309, 334, 0, 3, 0, 0, 1114, 64902, 0, 0, 0, 1718187400.8466141
0, 0, 6, 0, 5, 0, 0, 0, 0, 3300, 0, 0, 0, 2542, 0, 194, 62, 192, 29, 343, 253, 0, 0, 0, 0, 351, 184, 309, 334, 0, 3, 0, 0, 1114, 64902, 0, 0, 0, 1718187400.9534929
0, 0, 6, 0, 5, 0, 0, 0, 0, 3300, 0, 0, 0, 2542, 0, 194, 62, 192, 29, 343, 253, 0, 0, 0, 0, 351, 184, 309, 334, 0, 3, 0, 0, 1114, 64902, 0, 0, 0, 1718187401.065065
0, 0, 6, 0, 5, 0, 0, 0, 0, 3300, 0, 0, 0, 2539, 0, 194, 62, 192, 29, 343, 253, 0, 0, 0, 0, 351, 184, 309, 334, 0, 3, 0, 0, 1114, 64902, 0, 0, 0, 1718187401.175709
0, 0, 6, 0, 5, 0, 0, 0, 0, 3300, 0, 0, 0, 2539, 0, 197, 63, 192, 29, 343, 253, 0, 0, 0, 0, 351, 184, 309, 334, 0, 3, 0, 0, 1114, 64902, 0, 0, 0, 1718187401.288246
0, 0, 6, 0, 5, 0, 0, 0, 0, 3300, 0, 0, 0, 2539, 0, 197, 63, 192, 29, 343, 253, 0, 0, 1, 0, 351, 184, 309, 334, 0, 3, 0, 0, 1114, 64902, 0, 0, 28, 1718187401.39814
0, 0, 6, 0, 5, 0, 0, 0, 0, 3300, 0, 0, 0, 2539, 0, 197, 63, 192, 29, 343, 253, 0, 0, 1, 0, 351, 184, 309, 334, 0, 3, 0, 0, 1114, 64902, 0, 0, 28, 1718187401.505646
0, 0, 6, 0, 5, 0, 0, 0, 0, 3300, 0, 0, 0, 2536, 0, 199, 63, 192, 29, 343, 253, 0, 0, 1, 0, 351, 184, 309, 334, 0, 3, 0, 0, 1114, 64902, 0, 0, 28, 1718187401.6163251
0, 0, 6, 0, 5, 0, 0, 0, 0, 3300, 0, 0, 0, 2536, 0, 199, 63, 192, 29, 343, 253, 0, 0, 1, 0, 351, 184, 309, 334, 0, 3, 0, 0, 1114, 64902, 0, 0, 28, 1718187401.731127
0, 0, 6, 0, 5, 0, 0, 0, 0, 3300, 0, 0, 0, 2536, 0, 199, 63, 192, 29, 343, 253, 0, 0, 1, 0, 351, 184, 309, 334, 0, 3, 0, 0, 1114, 64902, 0, 0, 28, 1718187401.841121
0, 0, 6, 0, 5, 0, 0, 0, 0, 3300, 0, 0, 0, 2536, 0, 199, 63, 192, 29, 343, 253, 0, 0, 0, 0, 351, 184, 309, 334, 0, 3, 0, 0, 1114, 64902, 0, 0, 0, 1718187401.9594948
0, 0, 6, 0, 5, 0, 0, 0, 0, 3300, 0, 0, 0, 2533, 0, 204, 63, 192, 29, 343, 253, 0, 0, 0, 0, 351, 184, 309, 334, 0, 3, 0, 0, 1114, 64902, 0, 0, 0, 1718187402.071143
0, 0, 6, 0, 5, 0, 0, 0, 0, 3300, 0, 0, 0, 2533, 0, 204, 63, 192, 29, 343, 253, 0, 0, 0, 0, 351, 184, 309, 334, 0, 3, 0, 0, 1114, 64902, 0, 0, 0, 1718187402.182972
0, 0, 6, 0, 5, 0, 0, 0, 0, 3300, 0, 0, 0, 2533, 0, 204, 63, 192, 29, 343, 253, 0, 0, 0, 0, 351, 184, 309, 334, 0, 3, 0, 0, 1114, 64902, 0, 0, 0, 1718187402.293837
0, 0, 6, 0, 5, 0, 0, 0, 0, 3300, 0, 0, 0, 2533, 0, 204, 63, 192, 29, 343, 253, 0, 0, 0, 0, 351, 184, 309, 334, 0, 3, 0, 0, 1114, 64902, 0, 0, 0, 1718187402.402643
0, 0, 6, 0, 5, 0, 0, 0, 0, 3300, 0, 0, 0, 2530, 0, 204, 63, 185, 29, 342, 249, 1, 0, 0, 0, 350, 183, 308, 334, 0, 3, 0, 0, 1114, 64902, 19, 0, 0, 1718187402.5205429
