0, 0, 6, 0, 5, 0, 0, 0, 0, 3300, 0, 0, 0, 3522, 0, 120, 11, 223, 34, 344, 253, 0, 0, 0, 65226, 338, 171, 280, 336, 0, 3, 0, 0, 1062, 64869, 0, 0, 0, 1717668264.090683
0, 0, 6, 0, 5, 0, 0, 0, 0, 3300, 0, 0, 0, 3522, 0, 120, 11, 223, 34, 344, 253, 0, 0, 0, 65226, 338, 171, 280, 336, 0, 3, 0, 0, 1062, 64869, 0, 0, 0, 1717668264.199925
0, 0, 6, 0, 5, 0, 0, 0, 0, 3300, 0, 0, 0, 3485, 0, 120, 11, 223, 34, 344, 253, 0, 0, 0, 65226, 338, 171, 280, 336, 0, 3, 0, 0, 1062, 64869, 0, 0, 0, 1717668264.307242
0, 0, 6, 0, 5, 0, 0, 0, 0, 3300, 0, 0, 0, 3485, 0, 120, 11, 223, 34, 344, 253, 0, 0, 0, 65226, 338, 171, 280, 336, 0, 3, 0, 0, 1062, 64869, 0, 0, 0, 1717668264.416856
0, 0, 6, 0, 5, 0, 0, 0, 0, 3300, 0, 0, 0, 3485, 0, 120, 11, 223, 34, 344, 253, 0, 0, 0, 65226, 338, 171, 280, 336, 0, 3, 0, 0, 1062, 64869, 0, 0, 0, 1717668264.527513
0, 0, 6, 0, 5, 0, 0, 0, 0, 3300, 0, 0, 0, 3485, 0, 120, 11, 223, 34, 344, 253, 0, 0, 0, 65226, 338, 171, 280, 336, 0, 3, 0, 0, 1062, 64869, 0, 0, 0, 1717668264.639287
0, 0, 6, 0, 5, 0, 0, 0, 0, 3300, 0, 0, 0, 3447, 0, 123, 11, 223, 34, 344, 253, 0, 0, 0, 65226, 338, 171, 280, 336, 0, 3, 0, 0, 1062, 64869, 0, 0, 0, 1717668264.748886
0, 0, 6, 0, 5, 0, 0, 0, 0, 3300, 0, 0, 0, 3447, 0, 123, 11, 223, 34, 344, 253, 0, 0, 0, 65226, 338, 171, 280, 336, 0, 3, 0, 0, 1062, 64869, 0, 0, 0, 1717668264.8587232
0, 0, 6, 0, 5, 0, 0, 0, 0, 3300, 0, 0, 0, 3447, 0, 123, 11, 223, 34, 344, 253, 0, 0, 0, 65226, 338, 171, 280, 336, 0, 3, 0, 0, 1062, 64869, 0, 0, 0, 1717668264.968008
0, 0, 6, 0, 5, 0, 0, 0, 0, 3300, 0, 0, 0, 3447, 0, 123, 11, 223, 34, 344, 253, 0, 0, 0, 65226, 338, 171, 280, 336, 0, 3, 0, 0, 1062, 64869, 0, 0, 0, 1717668265.074778
0, 0, 6, 0, 5, 0, 0, 0, 0, 3300, 0, 0, 0, 3409, 0, 121, 11, 223, 34, 344, 253, 0, 0, 0, 65226, 338, 171, 280, 336, 0, 3, 0, 0, 1062, 64869, 0, 0, 0, 1717668265.188961
0, 0, 6, 0, 5, 0, 0, 0, 0, 3300, 0, 0, 0, 3409, 0, 121, 11, 223, 34, 344, 253, 0, 0, 0, 65226, 338, 171, 280, 336, 0, 3, 0, 0, 1062, 64869, 0, 0, 0, 1717668265.300767
0, 0, 6, 0, 5, 0, 0, 0, 0, 3300, 0, 0, 0, 3409, 0, 121, 11, 223, 34, 344, 253, 0, 0, 0, 0, 338, 171, 280, 336, 0, 3, 0, 0, 1062, 64869, 0, 0, 0, 1717668265.411687
0, 0, 6, 0, 5, 0, 0, 0, 0, 3300, 0, 0, 0, 3409, 0, 121, 11, 223, 34, 344, 253, 0, 0, 0, 0, 338, 171, 280, 336, 0, 3, 0, 0, 1062, 64869, 0, 0, 0, 1717668265.521173
0, 0, 6, 0, 5, 0, 0, 0, 0, 3300, 0, 0, 0, 3370, 0, 121, 11, 228, 36, 336, 246, 0, 0, 0, 0, 339, 171, 280, 336, 0, 3, 0, 0, 1062, 64869, 0, 0, 0, 1717668265.631882
0, 0, 6, 0, 5, 0, 0, 0, 0, 3300, 0, 0, 0, 3370, 0, 121, 11, 228, 36, 336, 246, 0, 0, 0, 0, 339, 171, 280, 336, 0, 3, 0, 0, 1062, 64869, 0, 0, 0, 1717668265.743175
0, 0, 6, 0, 5, 0, 0, 0, 0, 3300, 0, 0, 0, 3370, 0, 120, 11, 212, 35, 336, 246, 0, 0, 0, 0, 339, 171, 280, 336, 0, 3, 0, 0, 1062, 64869, 0, 0, 0, 1717668265.858916
0, 0, 6, 0, 5, 0, 0, 0, 0, 3300, 0, 0, 0, 3370, 0, 120, 11, 212, 35, 336, 246, 0, 0, 0, 0, 339, 171, 280, 336, 0, 3, 0, 0, 1062, 64869, 0, 0, 0, 1717668265.970935
0, 0, 6, 0, 5, 0, 0, 0, 0, 3300, 0, 0, 0, 3370, 0, 120, 11, 212, 35, 336, 246, 0, 0, 0, 0, 339, 171, 280, 336, 0, 3, 0, 0, 1062, 64869, 0, 0, 0, 1717668266.078807
0, 0, 6, 0, 5, 0, 0, 0, 0, 3300, 0, 0, 0, 3345, 0, 120, 11, 212, 35, 336, 246, 0, 0, 0, 0, 339, 171, 280, 336, 0, 3, 0, 0, 1062, 64869, 0, 0, 0, 1717668266.1903439
0, 0, 6, 0, 5, 0, 0, 0, 0, 3300, 0, 0, 0, 3345, 0, 120, 11, 212, 35, 336, 246, 0, 0, 0, 0, 339, 171, 280, 336, 0, 3, 0, 0, 1062, 64869, 0, 0, 0, 1717668266.300135
0, 0, 6, 0, 5, 0, 0, 0, 0, 3300, 0, 0, 0, 3345, 0, 119, 11, 212, 35, 336, 246, 0, 0, 0, 0, 339, 171, 280, 336, 0, 3, 0, 0, 1062, 64869, 0, 0, 0, 1717668266.411495
0, 0, 6, 0, 5, 0, 0, 0, 0, 3300, 0, 0, 0, 3345, 0, 119, 11, 212, 35, 336, 246, 0, 0, 0, 0, 339, 171, 280, 336, 0, 3, 0, 0, 1062, 64869, 0, 0, 0, 1717668266.5229251
0, 0, 6, 0, 5, 0, 0, 0, 0, 3300, 0, 0, 0, 3342, 0, 119, 11, 212, 35, 336, 246, 0, 0, 0, 0, 339, 171, 280, 336, 0, 3, 0, 0, 1062, 64869, 0, 0, 0, 1717668266.635242
0, 0, 6, 0, 5, 0, 0, 0, 0, 3300, 0, 0, 0, 3342, 0, 119, 11, 212, 35, 336, 246, 0, 0, 0, 0, 339, 171, 280, 336, 0, 3, 0, 0, 1062, 64869, 0, 0, 0, 1717668266.741705
0, 0, 6, 0, 5, 0, 0, 0, 0, 3300, 0, 0, 0, 3342, 0, 120, 12, 212, 35, 336, 246, 0, 0, 0, 0, 339, 171, 280, 336, 0, 3, 0, 0, 1062, 64869, 0, 0, 0, 1717668266.8532548
0, 0, 6, 0, 5, 0, 0, 0, 0, 3300, 0, 0, 0, 3342, 0, 120, 12, 212, 35, 336, 246, 0, 0, 0, 0, 339, 171, 280, 336, 0, 3, 0, 0, 1062, 64869, 0, 0, 0, 1717668266.9632158
0, 0, 6, 0, 5, 0, 0, 0, 0, 3300, 0, 0, 0, 3339, 0, 120, 12, 212, 35, 336, 246, 0, 0, 0, 0, 339, 171, 280, 336, 0, 3, 0, 0, 1062, 64869, 0, 0, 0, 1717668267.074229
0, 0, 6, 0, 5, 0, 0, 0, 0, 3300, 0, 0, 0, 3339, 0, 120, 12, 212, 35, 336, 246, 0, 0, 0, 0, 339, 171, 280, 336, 0, 3, 0, 0, 1062, 64869, 0, 0, 0, 1717668267.1844952
0, 0, 6, 0, 5, 0, 0, 0, 0, 3300, 0, 0, 0, 3339, 0, 120, 12, 212, 35, 336, 246, 0, 0, 0, 0, 339, 171, 280, 336, 0, 3, 0, 0, 1062, 64869, 0, 0, 0, 1717668267.294188
0, 0, 6, 0, 5, 0, 0, 0, 0, 3300, 0, 0, 0, 3339, 0, 120, 12, 216, 35, 340, 247, 0, 0, 0, 0, 338, 172, 278, 335, 0, 3, 0, 0, 1062, 64869, 0, 0, 0, 1717668267.405445
0, 0, 6, 0, 5, 0, 0, 0, 0, 3300, 0, 0, 0, 3336, 0, 120, 12, 216, 35, 340, 247, 0, 0, 0, 0, 338, 172, 278, 335, 0, 3, 0, 0, 1062, 64869, 0, 0, 0, 1717668267.515546
0, 0, 6, 0, 5, 0, 0, 0, 0, 3300, 0, 0, 0, 3336, 0, 120, 12, 214, 34, 340, 247, 0, 0, 0, 0, 338, 172, 278, 335, 0, 3, 0, 0, 1062, 64869, 0, 0, 0, 1717668267.6279979
0, 0, 6, 0, 5, 0, 0, 0, 0, 3300, 0, 0, 0, 3336, 0, 120, 12, 214, 34, 340, 247, 0, 0, 0, 0, 338, 172, 278, 335, 0, 3, 0, 0, 1062, 64869, 0, 0, 0, 1717668267.735064
0, 0, 6, 0, 5, 0, 0, 0, 0, 3300, 0, 0, 0, 3336, 0, 120, 12, 214, 34, 340, 247, 0, 0, 0, 0, 338, 172, 278, 335, 0, 3, 0, 0, 1062, 64869, 0, 0, 0, 1717668267.8448021
0, 0, 6, 0, 5, 0, 0, 0, 0, 3300, 0, 0, 0, 3333, 0, 119, 11, 214, 34, 340, 247, 0, 0, 0, 0, 338, 172, 278, 335, 0, 3, 0, 0, 1062, 64869, 0, 0, 0, 1717668267.95574
0, 0, 6, 0, 5, 0, 0, 0, 0, 3300, 0, 0, 0, 3333, 0, 119, 11, 214, 34, 340, 247, 0, 0, 0, 0, 338, 172, 278, 335, 0, 3, 0, 0, 1062, 64869, 0, 0, 0, 1717668268.064818
0, 0, 6, 0, 5, 0, 0, 0, 0, 3300, 0, 0, 0, 3333, 0, 119, 11, 214, 34, 340, 247, 0, 0, 0, 0, 338, 172, 278, 335, 0, 3, 0, 0, 1062, 64869, 0, 0, 0, 1717668268.1749618
0, 0, 6, 0, 5, 0, 0, 0, 0, 3300, 0, 0, 0, 3333, 0, 119, 11, 214, 34, 340, 247, 0, 0, 0, 0, 338, 172, 278, 335, 0, 3, 0, 0, 1062, 64869, 0, 0, 0, 1717668268.284737
0, 0, 6, 0, 5, 0, 0, 0, 0, 3300, 0, 0, 0, 3330, 0, 122, 11, 214, 34, 340, 247, 0, 0, 0, 0, 338, 172, 278, 335, 0, 3, 0, 0, 1062, 64869, 0, 0, 0, 1717668268.3957171
0, 0, 6, 0, 5, 0, 0, 0, 0, 3300, 0, 0, 0, 3330, 0, 122, 11, 214, 34, 340, 247, 0, 0, 0, 0, 338, 172, 278, 335, 0, 3, 0, 0, 1062, 64869, 0, 0, 0, 1717668268.5095592
0, 0, 6, 0, 5, 0, 0, 0, 0, 3300, 0, 0, 0, 3330, 0, 122, 11, 214, 34, 340, 247, 0, 0, 0, 0, 338, 172, 278, 335, 0, 3, 0, 0, 1062, 64869, 0, 0, 0, 1717668268.6203089
0, 0, 6, 0, 5, 0, 0, 0, 0, 3300, 0, 0, 0, 3330, 0, 122, 11, 214, 34, 340, 247, 0, 0, 0, 0, 338, 172, 278, 335, 0, 3, 0, 0, 1062, 64869, 0, 0, 0, 1717668268.7309499
0, 0, 6, 0, 5, 0, 0, 0, 0, 3300, 0, 0, 0, 3327, 0, 120, 12, 214, 34, 340, 247, 0, 0, 0, 0, 338, 172, 278, 335, 0, 3, 0, 0, 1062, 64869, 0, 0, 0, 1717668268.846169
0, 0, 6, 0, 5, 0, 0, 0, 0, 3300, 0, 0, 0, 3327, 0, 120, 12, 214, 34, 340, 247, 0, 0, 0, 0, 338, 172, 278, 335, 0, 3, 0, 0, 1062, 64869, 0, 0, 0, 1717668268.957747
0, 0, 6, 0, 5, 0, 0, 0, 0, 3300, 0, 0, 0, 3327, 0, 120, 12, 214, 34, 340, 247, 0, 0, 0, 0, 338, 172, 278, 335, 0, 3, 0, 0, 1062, 64869, 0, 0, 0, 1717668269.069362
0, 0, 6, 0, 5, 0, 0, 0, 0, 3300, 0, 0, 0, 3327, 0, 120, 12, 214, 34, 340, 247, 0, 0, 0, 0, 338, 172, 278, 335, 0, 3, 0, 0, 1062, 64869, 0, 0, 0, 1717668269.1835608
0, 0, 6, 0, 5, 0, 0, 0, 0, 3300, 0, 0, 0, 3324, 0, 119, 11, 214, 34, 340, 247, 0, 0, 0, 0, 338, 172, 278, 335, 0, 3, 0, 0, 1062, 64869, 0, 0, 0, 1717668269.301427
0, 0, 6, 0, 5, 0, 0, 0, 0, 3300, 0, 0, 0, 3324, 0, 119, 11, 214, 34, 340, 247, 0, 0, 0, 0, 338, 172, 278, 335, 0, 3, 0, 0, 1062, 64869, 0, 0, 0, 1717668269.4133198
0, 0, 6, 0, 5, 0, 0, 0, 0, 3300, 0, 0, 0, 3324, 0, 119, 11, 214, 34, 340, 247, 0, 0, 0, 0, 338, 172, 278, 335, 0, 3, 0, 0, 1062, 64869, 0, 0, 0, 1717668269.529183
0, 0, 6, 0, 5, 0, 0, 0, 0, 3300, 0, 0, 0, 3324, 0, 119, 11, 214, 34, 340, 247, 0, 0, 0, 0, 338, 172, 278, 335, 0, 3, 0, 0, 1062, 64869, 0, 0, 0, 1717668269.645571
0, 0, 6, 0, 5, 0, 0, 0, 0, 3300, 0, 0, 0, 3321, 0, 119, 11, 206, 33, 347, 255, 0, 0, 0, 0, 338, 172, 278, 336, 0, 3, 0, 0, 1062, 64869, 0, 0, 0, 1717668269.7593899
0, 0, 6, 0, 5, 0, 0, 0, 0, 3300, 0, 0, 0, 3321, 0, 119, 11, 206, 33, 347, 255, 0, 0, 0, 0, 338, 172, 278, 336, 0, 3, 0, 0, 1062, 64869, 0, 0, 0, 1717668269.871548
0, 0, 6, 0, 5, 0, 0, 0, 0, 3300, 0, 0, 0, 3321, 0, 119, 12, 211, 33, 347, 255, 0, 0, 0, 0, 338, 172, 278, 336, 0, 3, 0, 0, 1062, 64869, 0, 0, 0, 1717668269.9826171
0, 0, 6, 0, 5, 0, 0, 0, 0, 3300, 0, 0, 0, 3321, 0, 119, 12, 211, 33, 347, 255, 0, 0, 0, 0, 338, 172, 278, 336, 0, 3, 0, 0, 1062, 64869, 0, 0, 0, 1717668270.099659
0, 0, 6, 0, 5, 0, 0, 0, 0, 3300, 0, 0, 0, 3318, 0, 119, 12, 211, 33, 347, 255, 0, 0, 0, 0, 338, 172, 278, 336, 0, 3, 0, 0, 1062, 64869, 0, 0, 0, 1717668270.211298
0, 0, 6, 0, 5, 0, 0, 0, 0, 3300, 0, 0, 0, 3318, 0, 119, 12, 211, 33, 347, 255, 0, 0, 0, 0, 338, 172, 278, 336, 0, 3, 0, 0, 1062, 64869, 0, 0, 0, 1717668270.3213298
0, 0, 6, 0, 5, 0, 0, 0, 0, 3300, 0, 0, 0, 3318, 0, 121, 12, 211, 33, 347, 255, 0, 0, 0, 0, 338, 172, 278, 336, 0, 3, 0, 0, 1062, 64869, 0, 0, 0, 1717668270.433912
0, 0, 6, 0, 5, 0, 0, 0, 0, 3300, 0, 0, 0, 3318, 0, 121, 12, 211, 33, 347, 255, 0, 0, 0, 0, 338, 172, 278, 336, 0, 3, 0, 0, 1062, 64869, 0, 0, 0, 1717668270.549461
0, 0, 6, 0, 5, 0, 0, 0, 0, 3300, 0, 0, 0, 3315, 0, 121, 12, 211, 33, 347, 255, 0, 0, 0, 0, 338, 172, 278, 336, 0, 3, 0, 0, 1062, 64869, 0, 0, 0, 1717668270.662536
0, 0, 6, 0, 5, 0, 0, 0, 0, 3300, 0, 0, 0, 3315, 0, 121, 12, 211, 33, 347, 255, 0, 0, 0, 0, 338, 172, 278, 336, 0, 3, 0, 0, 1062, 64869, 0, 0, 0, 1717668270.7739708
0, 0, 6, 0, 5, 0, 0, 0, 0, 3300, 0, 0, 0, 3315, 0, 120, 11, 211, 33, 347, 255, 0, 0, 0, 0, 338, 172, 278, 336, 0, 3, 0, 0, 1062, 64869, 0, 0, 0, 1717668270.886005
0, 0, 6, 0, 5, 0, 0, 0, 0, 3300, 0, 0, 0, 3315, 0, 120, 11, 211, 33, 347, 255, 0, 0, 0, 0, 338, 172, 278, 336, 0, 3, 0, 0, 1062, 64869, 0, 0, 0, 1717668271.002631
0, 0, 6, 0, 5, 0, 0, 0, 0, 3300, 0, 0, 0, 3312, 0, 120, 11, 211, 33, 347, 255, 0, 0, 0, 0, 338, 172, 278, 336, 0, 3, 0, 0, 1062, 64869, 0, 0, 0, 1717668271.113856
0, 0, 6, 0, 5, 0, 0, 0, 0, 3300, 0, 0, 0, 3312, 0, 120, 11, 211, 33, 347, 255, 0, 0, 0, 0, 338, 172, 278, 336, 0, 3, 0, 0, 1062, 64869, 0, 0, 0, 1717668271.223388
0, 0, 6, 0, 5, 0, 0, 0, 0, 3300, 0, 0, 0, 3312, 0, 120, 11, 211, 33, 347, 255, 0, 0, 0, 0, 338, 172, 278, 336, 0, 3, 0, 0, 1062, 64869, 0, 0, 0, 1717668271.333854
0, 0, 6, 0, 5, 0, 0, 0, 0, 3300, 0, 0, 0, 3312, 0, 120, 11, 211, 33, 347, 255, 0, 0, 0, 0, 338, 172, 278, 336, 0, 3, 0, 0, 1062, 64869, 0, 0, 0, 1717668271.443201
0, 0, 6, 0, 5, 0, 0, 0, 0, 3300, 0, 0, 0, 3309, 0, 123, 11, 222, 34, 339, 250, 0, 0, 0, 0, 338, 172, 279, 336, 0, 3, 0, 0, 1062, 64869, 0, 0, 0, 1717668271.554407
0, 0, 6, 0, 5, 0, 0, 0, 0, 3300, 0, 0, 0, 3309, 0, 123, 11, 222, 34, 339, 250, 0, 0, 0, 0, 338, 172, 279, 336, 0, 3, 0, 0, 1062, 64869, 0, 0, 0, 1717668271.6647198
0, 0, 6, 0, 5, 0, 0, 0, 0, 3300, 0, 0, 0, 3309, 0, 123, 11, 208, 33, 339, 250, 0, 0, 0, 0, 338, 172, 279, 336, 0, 3, 0, 0, 1062, 64869, 0, 0, 0, 1717668271.7749498
0, 0, 6, 0, 5, 0, 0, 0, 0, 3300, 0, 0, 0, 3309, 0, 123, 11, 208, 33, 339, 250, 0, 0, 0, 0, 338, 172, 279, 336, 0, 3, 0, 0, 1062, 64869, 0, 0, 0, 1717668271.883435
0, 0, 6, 0, 5, 0, 0, 0, 0, 3300, 0, 0, 0, 3306, 0, 123, 11, 208, 33, 339, 250, 0, 0, 0, 0, 338, 172, 279, 336, 0, 3, 0, 0, 1062, 64869, 0, 0, 0, 1717668271.995295
0, 0, 6, 0, 5, 0, 0, 0, 0, 3300, 0, 0, 0, 3306, 0, 118, 12, 208, 33, 339, 250, 0, 0, 0, 0, 338, 172, 279, 336, 0, 3, 0, 0, 1062, 64869, 0, 0, 0, 1717668272.104643
0, 0, 6, 0, 5, 0, 0, 0, 0, 3300, 0, 0, 0, 3306, 0, 118, 12, 208, 33, 339, 250, 0, 0, 0, 0, 338, 172, 279, 336, 0, 3, 0, 0, 1062, 64869, 0, 0, 0, 1717668272.2218518
0, 0, 6, 0, 5, 0, 0, 0, 0, 3300, 0, 0, 0, 3306, 0, 118, 12, 208, 33, 339, 250, 0, 0, 0, 0, 338, 172, 279, 336, 0, 3, 0, 0, 1062, 64869, 0, 0, 0, 1717668272.3321579
0, 0, 6, 0, 5, 0, 0, 0, 0, 3300, 0, 0, 0, 3303, 0, 118, 12, 208, 33, 339, 250, 0, 0, 0, 0, 338, 172, 279, 336, 0, 3, 0, 0, 1062, 64869, 0, 0, 0, 1717668272.447446
0, 0, 6, 0, 5, 0, 0, 0, 0, 3300, 0, 0, 0, 3303, 0, 118, 11, 208, 33, 339, 250, 0, 0, 0, 0, 338, 172, 279, 336, 0, 3, 0, 0, 1062, 64869, 0, 0, 0, 1717668272.556727
0, 0, 6, 0, 5, 0, 0, 0, 0, 3300, 0, 0, 0, 3303, 0, 118, 11, 208, 33, 339, 250, 0, 0, 0, 0, 338, 172, 279, 336, 0, 3, 0, 0, 1062, 64869, 0, 0, 0, 1717668272.6664698
0, 0, 6, 0, 5, 0, 0, 0, 0, 3300, 0, 0, 0, 3303, 0, 118, 11, 208, 33, 339, 250, 0, 0, 0, 0, 338, 172, 279, 336, 0, 3, 0, 0, 1062, 64869, 0, 0, 0, 1717668272.775451
0, 0, 6, 0, 5, 0, 0, 0, 0, 3300, 0, 0, 0, 3303, 0, 118, 11, 208, 33, 339, 250, 0, 0, 0, 0, 338, 172, 279, 336, 0, 3, 0, 0, 1062, 64869, 0, 0, 0, 1717668272.885597
0, 0, 6, 0, 5, 0, 0, 0, 0, 3300, 0, 0, 0, 3300, 0, 120, 11, 208, 33, 339, 250, 0, 0, 0, 0, 338, 172, 279, 336, 0, 3, 0, 0, 1062, 64869, 0, 0, 0, 1717668273.004473
0, 0, 6, 0, 5, 0, 0, 0, 0, 3300, 0, 0, 0, 3300, 0, 120, 11, 208, 33, 339, 250, 0, 0, 0, 0, 338, 172, 279, 336, 0, 3, 0, 0, 1062, 64869, 0, 0, 0, 1717668273.115063
0, 0, 6, 0, 5, 0, 0, 0, 0, 3300, 0, 0, 0, 3300, 0, 120, 11, 208, 33, 339, 250, 0, 0, 0, 0, 338, 172, 279, 336, 0, 3, 0, 0, 1062, 64869, 0, 0, 0, 1717668273.224978
0, 0, 6, 0, 5, 0, 0, 0, 0, 3300, 0, 0, 0, 3300, 0, 120, 11, 208, 33, 339, 250, 0, 0, 0, 0, 338, 172, 279, 336, 0, 3, 0, 0, 1062, 64869, 0, 0, 0, 1717668273.336438
0, 0, 6, 0, 5, 0, 0, 0, 0, 3300, 0, 0, 0, 3297, 0, 121, 12, 208, 33, 339, 250, 0, 0, 0, 0, 338, 172, 279, 336, 0, 3, 0, 0, 1062, 64869, 0, 0, 0, 1717668273.448664
0, 0, 6, 0, 5, 0, 0, 0, 0, 3300, 0, 0, 0, 3297, 0, 121, 12, 208, 33, 339, 250, 0, 0, 0, 0, 338, 172, 279, 336, 0, 3, 0, 0, 1062, 64869, 0, 0, 0, 1717668273.5567548
0, 0, 6, 0, 5, 0, 0, 0, 0, 3300, 0, 0, 0, 3297, 0, 121, 12, 208, 33, 339, 250, 0, 0, 0, 0, 338, 172, 279, 336, 0, 3, 0, 0, 1062, 64869, 0, 0, 0, 1717668273.6686232
0, 0, 6, 0, 5, 0, 0, 0, 0, 3300, 0, 0, 0, 3297, 0, 121, 12, 208, 33, 339, 250, 0, 0, 0, 0, 338, 172, 279, 336, 0, 3, 0, 0, 1062, 64869, 0, 0, 0, 1717668273.776161
0, 0, 6, 0, 5, 0, 0, 0, 0, 3300, 0, 0, 0, 3294, 0, 121, 12, 222, 36, 346, 253, 0, 0, 0, 0, 338, 172, 280, 336, 0, 3, 0, 0, 1062, 64869, 0, 0, 0, 1717668273.887073
0, 0, 6, 0, 5, 0, 0, 0, 0, 3300, 0, 0, 0, 3294, 0, 121, 12, 222, 36, 346, 253, 0, 0, 0, 0, 338, 172, 280, 336, 0, 3, 0, 0, 1062, 64869, 0, 0, 0, 1717668274.001457
0, 0, 6, 0, 5, 0, 0, 0, 0, 3300, 0, 0, 0, 3294, 0, 121, 11, 208, 32, 346, 253, 0, 0, 0, 0, 338, 172, 280, 336, 0, 3, 0, 0, 1062, 64869, 0, 0, 0, 1717668274.110768
0, 0, 6, 0, 5, 0, 0, 0, 0, 3300, 0, 0, 0, 3294, 0, 121, 11, 208, 32, 346, 253, 0, 0, 0, 0, 338, 172, 280, 336, 0, 3, 0, 0, 1062, 64869, 0, 0, 0, 1717668274.220341
0, 0, 6, 0, 5, 0, 0, 0, 0, 3300, 0, 0, 0, 3291, 0, 121, 11, 208, 32, 346, 253, 0, 0, 0, 0, 338, 172, 280, 336, 0, 3, 0, 0, 1062, 64869, 0, 0, 0, 1717668274.32629
0, 0, 6, 0, 5, 0, 0, 0, 0, 3300, 0, 0, 0, 3291, 0, 121, 11, 208, 32, 346, 253, 0, 0, 0, 0, 338, 172, 280, 336, 0, 3, 0, 0, 1062, 64869, 0, 0, 0, 1717668274.437098
0, 0, 6, 0, 5, 0, 0, 0, 0, 3300, 0, 0, 0, 3291, 0, 121, 12, 208, 32, 346, 253, 0, 0, 0, 0, 338, 172, 280, 336, 0, 3, 0, 0, 1062, 64869, 0, 0, 0, 1717668274.547766
0, 0, 6, 0, 5, 0, 0, 0, 0, 3300, 0, 0, 0, 3291, 0, 121, 12, 208, 32, 346, 253, 0, 0, 0, 0, 338, 172, 280, 336, 0, 3, 0, 0, 1062, 64869, 0, 0, 0, 1717668274.662261
0, 0, 6, 0, 5, 0, 0, 0, 0, 3300, 0, 0, 0, 3288, 0, 121, 12, 208, 32, 346, 253, 0, 0, 0, 0, 338, 172, 280, 336, 0, 3, 0, 0, 1062, 64869, 0, 0, 0, 1717668274.7721841
0, 0, 6, 0, 5, 0, 0, 0, 0, 3300, 0, 0, 0, 3288, 0, 121, 12, 208, 32, 346, 253, 0, 0, 0, 0, 338, 172, 280, 336, 0, 3, 0, 0, 1062, 64869, 0, 0, 0, 1717668274.882047
0, 0, 6, 0, 5, 0, 0, 0, 0, 3300, 0, 0, 0, 3288, 0, 121, 12, 208, 32, 346, 253, 0, 0, 0, 0, 338, 172, 280, 336, 0, 3, 0, 0, 1062, 64869, 0, 0, 0, 1717668274.992463
0, 0, 6, 0, 5, 0, 0, 0, 0, 3300, 0, 0, 0, 3288, 0, 119, 12, 208, 32, 346, 253, 0, 0, 0, 0, 338, 172, 280, 336, 0, 3, 0, 0, 1062, 64869, 0, 0, 0, 1717668275.105498
0, 0, 6, 0, 5, 0, 0, 0, 0, 3300, 0, 0, 0, 3288, 0, 119, 12, 208, 32, 346, 253, 0, 0, 0, 0, 338, 172, 280, 336, 0, 3, 0, 0, 1062, 64869, 0, 0, 0, 1717668275.215709
0, 0, 6, 0, 5, 0, 0, 0, 0, 3300, 0, 0, 0, 3285, 0, 119, 12, 208, 32, 346, 253, 0, 0, 0, 0, 338, 172, 280, 336, 0, 3, 0, 0, 1062, 64869, 0, 0, 0, 1717668275.3268092
0, 0, 6, 0, 5, 0, 0, 0, 0, 3300, 0, 0, 0, 3285, 0, 119, 12, 208, 32, 346, 253, 0, 0, 0, 0, 338, 172, 280, 336, 0, 3, 0, 0, 1062, 64869, 0, 0, 0, 1717668275.437214
0, 0, 6, 0, 5, 0, 0, 0, 0, 3300, 0, 0, 0, 3285, 0, 120, 11, 208, 32, 346, 253, 0, 0, 0, 0, 338, 172, 280, 336, 0, 3, 0, 0, 1062, 64869, 0, 0, 0, 1717668275.548016
0, 0, 6, 0, 5, 0, 0, 0, 0, 3300, 0, 0, 0, 3285, 0, 120, 11, 208, 32, 346, 253, 0, 0, 0, 0, 338, 172, 280, 336, 0, 3, 0, 0, 1062, 64869, 0, 0, 0, 1717668275.6595662
0, 0, 6, 0, 5, 0, 0, 0, 0, 3300, 0, 0, 0, 3282, 0, 120, 11, 208, 32, 346, 253, 0, 0, 0, 0, 338, 172, 280, 336, 0, 3, 0, 0, 1062, 64869, 0, 0, 0, 1717668275.770398
0, 0, 6, 0, 5, 0, 0, 0, 0, 3300, 0, 0, 0, 3282, 0, 120, 11, 208, 32, 346, 253, 0, 0, 0, 0, 338, 172, 280, 336, 0, 3, 0, 0, 1062, 64869, 0, 0, 0, 1717668275.8808
0, 0, 6, 0, 5, 0, 0, 0, 0, 3300, 0, 0, 0, 3282, 0, 120, 11, 208, 32, 346, 253, 0, 0, 0, 0, 338, 172, 280, 336, 0, 3, 0, 0, 1062, 64869, 0, 0, 0, 1717668275.990332
0, 0, 6, 0, 5, 0, 0, 0, 0, 3300, 0, 0, 0, 3282, 0, 120, 11, 208, 32, 346, 253, 0, 0, 0, 0, 338, 172, 280, 336, 0, 3, 0, 0, 1062, 64869, 0, 0, 0, 1717668276.101125
0, 0, 6, 0, 5, 0, 0, 0, 0, 3300, 0, 0, 0, 3282, 0, 120, 11, 208, 32, 346, 253, 0, 0, 0, 0, 338, 172, 280, 336, 0, 3, 0, 0, 1062, 64869, 0, 0, 0, 1717668276.210495
0, 0, 6, 0, 5, 0, 0, 0, 0, 3300, 0, 0, 0, 3282, 0, 120, 11, 208, 32, 346, 253, 0, 0, 0, 0, 338, 172, 280, 336, 0, 3, 0, 0, 1062, 64869, 0, 0, 0, 1717668276.32097
0, 0, 6, 0, 5, 0, 0, 0, 0, 3300, 0, 0, 0, 3279, 0, 120, 11, 219, 33, 335, 245, 0, 0, 0, 0, 338, 172, 280, 336, 0, 3, 0, 0, 1062, 64869, 0, 0, 0, 1717668276.4354281
0, 0, 6, 0, 5, 0, 0, 0, 0, 3300, 0, 0, 0, 3279, 0, 120, 11, 219, 33, 335, 245, 0, 0, 0, 0, 338, 172, 280, 336, 0, 3, 0, 0, 1062, 64869, 0, 0, 0, 1717668276.545273
0, 0, 6, 0, 5, 0, 0, 0, 0, 3300, 0, 0, 0, 3276, 0, 120, 12, 219, 33, 335, 245, 0, 0, 0, 0, 338, 172, 280, 336, 0, 3, 0, 0, 1062, 64869, 0, 0, 0, 1717668276.655734
0, 0, 6, 0, 5, 0, 0, 0, 0, 3300, 0, 0, 0, 3276, 0, 120, 12, 219, 33, 335, 245, 0, 0, 0, 0, 338, 172, 280, 336, 0, 3, 0, 0, 1062, 64869, 0, 0, 0, 1717668276.7652009
0, 0, 6, 0, 5, 0, 0, 0, 0, 3300, 0, 0, 0, 3276, 0, 120, 12, 219, 33, 335, 245, 1, 0, 0, 0, 338, 172, 280, 336, 0, 3, 0, 0, 1062, 64869, 39, 0, 0, 1717668276.876689
0, 0, 6, 0, 5, 0, 0, 0, 0, 3300, 0, 0, 0, 3276, 0, 120, 12, 219, 33, 335, 245, 1, 0, 0, 0, 338, 172, 280, 336, 0, 3, 0, 0, 1062, 64869, 39, 0, 0, 1717668276.985915
0, 0, 6, 0, 5, 0, 0, 0, 0, 3300, 0, 0, 0, 3273, 0, 121, 11, 219, 33, 335, 245, 1, 0, 0, 0, 338, 172, 280, 336, 0, 3, 0, 0, 1062, 64869, 39, 0, 0, 1717668277.099206
0, 0, 6, 0, 5, 0, 0, 0, 0, 3300, 0, 0, 0, 3273, 0, 121, 11, 219, 33, 335, 245, 1, 0, 0, 0, 338, 172, 280, 336, 0, 3, 0, 0, 1062, 64869, 39, 0, 0, 1717668277.2110689
0, 0, 6, 0, 5, 0, 0, 0, 0, 3300, 0, 0, 0, 3273, 0, 121, 11, 219, 33, 335, 245, 1, 0, 0, 0, 338, 172, 280, 336, 0, 3, 0, 0, 1062, 64869, 39, 0, 0, 1717668277.32111
0, 0, 6, 0, 5, 0, 0, 0, 0, 3300, 0, 0, 0, 3273, 0, 121, 11, 219, 33, 335, 245, 1, 0, 0, 0, 338, 172, 280, 336, 0, 3, 0, 0, 1062, 64869, 39, 0, 0, 1717668277.431179
0, 0, 6, 0, 5, 0, 0, 0, 0, 3300, 0, 0, 0, 3270, 0, 120, 11, 219, 33, 335, 245, 1, 0, 0, 0, 338, 172, 280, 336, 0, 3, 0, 0, 1062, 64869, 39, 0, 0, 1717668277.542479
0, 0, 6, 0, 5, 0, 0, 0, 0, 3300, 0, 0, 0, 3270, 0, 120, 11, 219, 33, 335, 245, 1, 0, 0, 0, 338, 172, 280, 336, 0, 3, 0, 0, 1062, 64869, 39, 0, 0, 1717668277.6529841
0, 0, 6, 0, 5, 0, 0, 0, 0, 3300, 0, 0, 0, 3270, 0, 120, 11, 219, 33, 335, 245, 0, 0, 0, 0, 338, 172, 280, 336, 0, 3, 0, 0, 1062, 64869, 0, 0, 0, 1717668277.76536
0, 0, 6, 0, 5, 0, 0, 0, 0, 3300, 0, 0, 0, 3270, 0, 120, 11, 219, 33, 335, 245, 0, 0, 0, 0, 338, 172, 280, 336, 0, 3, 0, 0, 1062, 64869, 0, 0, 0, 1717668277.875751
0, 0, 6, 0, 5, 0, 0, 0, 0, 3300, 0, 0, 0, 3267, 0, 120, 11, 211, 34, 344, 255, 0, 0, 0, 0, 338, 172, 278, 336, 0, 3, 0, 0, 1062, 64869, 0, 0, 0, 1717668277.986836
0, 0, 6, 0, 5, 0, 0, 0, 0, 3300, 0, 0, 0, 3267, 0, 120, 11, 211, 34, 344, 255, 0, 0, 0, 0, 338, 172, 278, 336, 0, 3, 0, 0, 1062, 64869, 0, 0, 0, 1717668278.097753
0, 0, 6, 0, 5, 0, 0, 0, 0, 3300, 0, 0, 0, 3267, 0, 121, 12, 211, 34, 344, 255, 0, 0, 0, 0, 338, 172, 278, 336, 0, 3, 0, 0, 1062, 64869, 0, 0, 0, 1717668278.209163
0, 0, 6, 0, 5, 0, 0, 0, 0, 3300, 0, 0, 0, 3267, 0, 121, 12, 211, 34, 344, 255, 0, 0, 0, 0, 338, 172, 278, 336, 0, 3, 0, 0, 1062, 64869, 0, 0, 0, 1717668278.319243
0, 0, 6, 0, 5, 0, 0, 0, 0, 3300, 0, 0, 0, 3264, 0, 121, 12, 211, 34, 344, 255, 0, 0, 0, 0, 338, 172, 278, 336, 0, 3, 0, 0, 1062, 64869, 0, 0, 0, 1717668278.429489
0, 0, 6, 0, 5, 0, 0, 0, 0, 3300, 0, 0, 0, 3264, 0, 121, 12, 211, 34, 344, 255, 0, 0, 0, 0, 338, 172, 278, 336, 0, 3, 0, 0, 1062, 64869, 0, 0, 0, 1717668278.541235
0, 0, 6, 0, 5, 0, 0, 0, 0, 3300, 0, 0, 0, 3264, 0, 121, 12, 211, 34, 344, 255, 0, 0, 0, 0, 338, 172, 278, 336, 0, 3, 0, 0, 1062, 64869, 0, 0, 0, 1717668278.649247
0, 0, 6, 0, 5, 0, 0, 0, 0, 3300, 0, 0, 0, 3264, 0, 121, 12, 211, 34, 344, 255, 0, 0, 0, 0, 338, 172, 278, 336, 0, 3, 0, 0, 1062, 64869, 0, 0, 0, 1717668278.759836
0, 0, 6, 0, 5, 0, 0, 0, 0, 3300, 0, 0, 0, 3261, 0, 121, 12, 211, 34, 344, 255, 0, 0, 0, 0, 338, 172, 278, 336, 0, 3, 0, 0, 1062, 64869, 0, 0, 0, 1717668278.872464
0, 0, 6, 0, 5, 0, 0, 0, 0, 3300, 0, 0, 0, 3261, 0, 121, 12, 211, 34, 344, 255, 0, 0, 0, 0, 338, 172, 278, 336, 0, 3, 0, 0, 1062, 64869, 0, 0, 0, 1717668278.980941
0, 0, 6, 0, 5, 0, 0, 0, 0, 3300, 0, 0, 0, 3261, 0, 123, 11, 211, 34, 344, 255, 0, 0, 0, 0, 338, 172, 278, 336, 0, 3, 0, 0, 1062, 64869, 0, 0, 0, 1717668279.098453
0, 0, 6, 0, 5, 0, 0, 0, 0, 3300, 0, 0, 0, 3261, 0, 123, 11, 211, 34, 344, 255, 0, 0, 0, 0, 338, 172, 278, 336, 0, 3, 0, 0, 1062, 64869, 0, 0, 0, 1717668279.206269
0, 0, 6, 0, 5, 0, 0, 0, 0, 3300, 0, 0, 0, 3258, 0, 123, 11, 211, 34, 344, 255, 0, 0, 0, 0, 338, 172, 278, 336, 0, 3, 0, 0, 1062, 64869, 0, 0, 0, 1717668279.32537
0, 0, 6, 0, 5, 0, 0, 0, 0, 3300, 0, 0, 0, 3258, 0, 123, 11, 211, 34, 344, 255, 0, 0, 0, 0, 338, 172, 278, 336, 0, 3, 0, 0, 1062, 64869, 0, 0, 0, 1717668279.436727
0, 0, 6, 0, 5, 0, 0, 0, 0, 3300, 0, 0, 0, 3258, 0, 123, 11, 211, 34, 344, 255, 0, 0, 0, 0, 338, 172, 278, 336, 0, 3, 0, 0, 1062, 64869, 0, 0, 0, 1717668279.5501251
0, 0, 6, 0, 5, 0, 0, 0, 0, 3300, 0, 0, 0, 3258, 0, 123, 11, 211, 34, 344, 255, 0, 0, 0, 0, 338, 172, 278, 336, 0, 3, 0, 0, 1062, 64869, 0, 0, 0, 1717668279.661778
0, 0, 6, 0, 5, 0, 0, 0, 0, 3300, 0, 0, 0, 3258, 0, 121, 12, 196, 32, 334, 242, 0, 0, 0, 0, 339, 172, 280, 336, 0, 3, 0, 0, 1062, 64869, 0, 0, 0, 1717668279.772613
0, 0, 6, 0, 5, 0, 0, 0, 0, 3300, 0, 0, 0, 3255, 0, 121, 12, 196, 32, 334, 242, 0, 0, 0, 0, 339, 172, 280, 336, 0, 3, 0, 0, 1062, 64869, 0, 0, 0, 1717668279.883322
0, 0, 6, 0, 5, 0, 0, 0, 0, 3300, 0, 0, 0, 3255, 0, 121, 12, 196, 32, 334, 242, 0, 0, 0, 0, 339, 172, 280, 336, 0, 3, 0, 0, 1062, 64869, 0, 0, 0, 1717668279.9919538
0, 0, 6, 0, 5, 0, 0, 0, 0, 3300, 0, 0, 0, 3255, 0, 121, 12, 196, 32, 334, 242, 0, 0, 0, 0, 339, 172, 280, 336, 0, 3, 0, 0, 1062, 64869, 0, 0, 0, 1717668280.100147
0, 0, 6, 0, 5, 0, 0, 0, 0, 3300, 0, 0, 0, 3255, 0, 121, 12, 196, 32, 334, 242, 0, 0, 0, 0, 339, 172, 280, 336, 0, 3, 0, 0, 1062, 64869, 0, 0, 0, 1717668280.211193
0, 0, 6, 0, 5, 0, 0, 0, 0, 3300, 0, 0, 0, 3252, 0, 122, 12, 196, 32, 334, 242, 0, 0, 0, 0, 339, 172, 280, 336, 0, 3, 0, 0, 1062, 64869, 0, 0, 0, 1717668280.3230112
0, 0, 6, 0, 5, 0, 0, 0, 0, 3300, 0, 0, 0, 3252, 0, 122, 12, 196, 32, 334, 242, 0, 0, 0, 0, 339, 172, 280, 336, 0, 3, 0, 0, 1062, 64869, 0, 0, 0, 1717668280.4360619
0, 0, 6, 0, 5, 0, 0, 0, 0, 3300, 0, 0, 0, 3252, 0, 122, 12, 196, 32, 334, 242, 0, 0, 0, 0, 339, 172, 280, 336, 0, 3, 0, 0, 1062, 64869, 0, 0, 0, 1717668280.546782
0, 0, 6, 0, 5, 0, 0, 0, 0, 3300, 0, 0, 0, 3252, 0, 122, 12, 196, 32, 334, 242, 0, 0, 0, 0, 339, 172, 280, 336, 0, 3, 0, 0, 1062, 64869, 0, 0, 0, 1717668280.65889
0, 0, 6, 0, 5, 0, 0, 0, 0, 3300, 0, 0, 0, 3249, 0, 120, 12, 196, 32, 334, 242, 0, 0, 0, 0, 339, 172, 280, 336, 0, 3, 0, 0, 1062, 64869, 0, 0, 0, 1717668280.769592
0, 0, 6, 0, 5, 0, 0, 0, 0, 3300, 0, 0, 0, 3249, 0, 120, 12, 196, 32, 334, 242, 0, 0, 0, 0, 339, 172, 280, 336, 0, 3, 0, 0, 1062, 64869, 0, 0, 0, 1717668280.880063
0, 0, 6, 0, 5, 0, 0, 0, 0, 3300, 0, 0, 0, 3249, 0, 120, 12, 196, 32, 334, 242, 1, 0, 0, 0, 339, 172, 280, 336, 0, 3, 0, 0, 1062, 64869, 37, 0, 0, 1717668280.989881
0, 0, 6, 0, 5, 0, 0, 0, 0, 3300, 0, 0, 0, 3249, 0, 120, 12, 196, 32, 334, 242, 1, 0, 0, 0, 339, 172, 280, 336, 0, 3, 0, 0, 1062, 64869, 37, 0, 0, 1717668281.102232
0, 0, 6, 0, 5, 0, 0, 0, 0, 3300, 0, 0, 0, 3245, 0, 120, 12, 196, 32, 334, 242, 1, 0, 0, 0, 339, 172, 280, 336, 0, 3, 0, 0, 1062, 64869, 37, 0, 0, 1717668281.213904
0, 0, 6, 0, 5, 0, 0, 0, 0, 3300, 0, 0, 0, 3245, 0, 120, 12, 196, 32, 334, 242, 1, 0, 0, 0, 339, 172, 280, 336, 0, 3, 0, 0, 1062, 64869, 37, 0, 0, 1717668281.32337
0, 0, 6, 0, 5, 0, 0, 0, 0, 3300, 0, 0, 0, 3245, 0, 120, 12, 196, 32, 334, 242, 1, 0, 0, 0, 339, 172, 280, 336, 0, 3, 0, 0, 1062, 64869, 37, 0, 0, 1717668281.4325619
0, 0, 6, 0, 5, 0, 0, 0, 0, 3300, 0, 0, 0, 3245, 0, 120, 12, 196, 32, 334, 242, 1, 0, 0, 0, 339, 172, 280, 336, 0, 3, 0, 0, 1062, 64869, 37, 0, 0, 1717668281.542759
0, 0, 6, 0, 5, 0, 0, 0, 0, 3300, 0, 0, 0, 3243, 0, 120, 12, 196, 32, 334, 242, 0, 0, 0, 0, 339, 172, 280, 336, 0, 3, 0, 0, 1062, 64869, 0, 0, 0, 1717668281.654141
0, 0, 6, 0, 5, 0, 0, 0, 0, 3300, 0, 0, 0, 3243, 0, 120, 12, 196, 32, 334, 242, 0, 0, 0, 0, 339, 172, 280, 336, 0, 3, 0, 0, 1062, 64869, 0, 0, 0, 1717668281.765455
0, 0, 6, 0, 5, 0, 0, 0, 0, 3300, 0, 0, 0, 3243, 0, 120, 12, 196, 32, 334, 242, 0, 0, 0, 0, 339, 172, 280, 336, 0, 3, 0, 0, 1062, 64869, 0, 0, 0, 1717668281.8767092
0, 0, 6, 0, 5, 0, 0, 0, 0, 3300, 0, 0, 0, 3243, 0, 120, 12, 196, 32, 334, 242, 0, 0, 0, 0, 339, 172, 280, 336, 0, 3, 0, 0, 1062, 64869, 0, 0, 0, 1717668281.984534
0, 0, 6, 0, 5, 0, 0, 0, 0, 3300, 0, 0, 0, 3239, 0, 120, 12, 207, 32, 334, 245, 0, 0, 0, 0, 338, 171, 280, 335, 0, 3, 0, 0, 1062, 64869, 0, 0, 0, 1717668282.093135
0, 0, 6, 0, 5, 0, 0, 0, 0, 3300, 0, 0, 0, 3239, 0, 120, 12, 207, 32, 334, 245, 0, 0, 0, 0, 338, 171, 280, 335, 0, 3, 0, 0, 1062, 64869, 0, 0, 0, 1717668282.201552
0, 0, 6, 0, 5, 0, 0, 0, 0, 3300, 0, 0, 0, 3239, 0, 120, 12, 207, 32, 334, 245, 0, 0, 0, 0, 338, 171, 280, 335, 0, 3, 0, 0, 1062, 64869, 0, 0, 0, 1717668282.313793
0, 0, 6, 0, 5, 0, 0, 0, 0, 3300, 0, 0, 0, 3239, 0, 120, 12, 207, 32, 334, 245, 0, 0, 0, 0, 338, 171, 280, 335, 0, 3, 0, 0, 1062, 64869, 0, 0, 0, 1717668282.424902
0, 0, 6, 0, 5, 0, 0, 0, 0, 3300, 0, 0, 0, 3236, 0, 120, 12, 207, 32, 334, 245, 0, 0, 0, 0, 338, 171, 280, 335, 0, 3, 0, 0, 1062, 64869, 0, 0, 0, 1717668282.535614
0, 0, 6, 0, 5, 0, 0, 0, 0, 3300, 0, 0, 0, 3236, 0, 120, 12, 207, 32, 334, 245, 0, 0, 0, 0, 338, 171, 280, 335, 0, 3, 0, 0, 1062, 64869, 0, 0, 0, 1717668282.6470022
0, 0, 6, 0, 5, 0, 0, 0, 0, 3300, 0, 0, 0, 3236, 0, 120, 12, 207, 32, 334, 245, 0, 0, 0, 0, 338, 171, 280, 335, 0, 3, 0, 0, 1062, 64869, 0, 0, 0, 1717668282.753547
0, 0, 6, 0, 5, 0, 0, 0, 0, 3300, 0, 0, 0, 3236, 0, 122, 12, 207, 32, 334, 245, 0, 0, 0, 0, 338, 171, 280, 335, 0, 3, 0, 0, 1062, 64869, 0, 0, 0, 1717668282.868483
0, 0, 6, 0, 5, 0, 0, 0, 0, 3300, 0, 0, 0, 3236, 0, 122, 12, 207, 32, 334, 245, 0, 0, 0, 0, 338, 171, 280, 335, 0, 3, 0, 0, 1062, 64869, 0, 0, 0, 1717668282.9770901
0, 0, 6, 0, 5, 0, 0, 0, 0, 3300, 0, 0, 0, 3233, 0, 122, 12, 207, 32, 334, 245, 0, 0, 0, 0, 338, 171, 280, 335, 0, 3, 0, 0, 1062, 64869, 0, 0, 0, 1717668283.086538
0, 0, 6, 0, 5, 0, 0, 0, 0, 3300, 0, 0, 0, 3233, 0, 122, 12, 207, 32, 334, 245, 0, 0, 0, 0, 338, 171, 280, 335, 0, 3, 0, 0, 1062, 64869, 0, 0, 0, 1717668283.1984692
0, 0, 6, 0, 5, 0, 0, 0, 0, 3300, 0, 0, 0, 3233, 0, 120, 12, 207, 32, 334, 245, 0, 0, 0, 0, 338, 171, 280, 335, 0, 3, 0, 0, 1062, 64869, 0, 0, 0, 1717668283.314282
0, 0, 6, 0, 5, 0, 0, 0, 0, 3300, 0, 0, 0, 3233, 0, 120, 12, 207, 32, 334, 245, 0, 0, 0, 0, 338, 171, 280, 335, 0, 3, 0, 0, 1062, 64869, 0, 0, 0, 1717668283.42307
0, 0, 6, 0, 5, 0, 0, 0, 0, 3300, 0, 0, 0, 3233, 0, 120, 12, 207, 32, 334, 245, 0, 0, 0, 0, 338, 171, 280, 335, 0, 3, 0, 0, 1062, 64869, 0, 0, 0, 1717668283.534904
0, 0, 6, 0, 5, 0, 0, 0, 0, 3300, 0, 0, 0, 3233, 0, 120, 12, 206, 32, 343, 253, 0, 0, 0, 0, 339, 171, 279, 336, 0, 3, 0, 0, 1062, 64869, 0, 0, 0, 1717668283.6459122
0, 0, 6, 0, 5, 0, 0, 0, 0, 3300, 0, 0, 0, 3230, 0, 120, 12, 206, 32, 343, 253, 0, 0, 0, 0, 339, 171, 279, 336, 0, 3, 0, 0, 1062, 64869, 0, 0, 0, 1717668283.755114
0, 0, 6, 0, 5, 0, 0, 0, 0, 3300, 0, 0, 0, 3230, 0, 120, 12, 206, 32, 343, 253, 0, 0, 0, 0, 339, 171, 279, 336, 0, 3, 0, 0, 1062, 64869, 0, 0, 0, 1717668283.865813
0, 0, 6, 0, 5, 0, 0, 0, 0, 3300, 0, 0, 0, 3227, 0, 118, 11, 206, 32, 343, 253, 0, 0, 0, 0, 339, 171, 279, 336, 0, 3, 0, 0, 1062, 64869, 0, 0, 0, 1717668283.974901
0, 0, 6, 0, 5, 0, 0, 0, 0, 3300, 0, 0, 0, 3227, 0, 118, 11, 206, 32, 343, 253, 0, 0, 0, 0, 339, 171, 279, 336, 0, 3, 0, 0, 1062, 64869, 0, 0, 0, 1717668284.085647
0, 0, 6, 0, 5, 0, 0, 0, 0, 3300, 0, 0, 0, 3227, 0, 118, 11, 206, 32, 343, 253, 0, 0, 0, 0, 339, 171, 279, 336, 0, 3, 0, 0, 1062, 64869, 0, 0, 0, 1717668284.1968052
0, 0, 6, 0, 5, 0, 0, 0, 0, 3300, 0, 0, 0, 3227, 0, 118, 11, 206, 32, 343, 253, 0, 0, 0, 0, 339, 171, 279, 336, 0, 3, 0, 0, 1062, 64869, 0, 0, 0, 1717668284.3070421
0, 0, 6, 0, 5, 0, 0, 0, 0, 3300, 0, 0, 0, 3224, 0, 120, 12, 206, 32, 343, 253, 0, 0, 0, 0, 339, 171, 279, 336, 0, 3, 0, 0, 1062, 64869, 0, 0, 0, 1717668284.4202912
0, 0, 6, 0, 5, 0, 0, 0, 0, 3300, 0, 0, 0, 3224, 0, 120, 12, 206, 32, 343, 253, 0, 0, 0, 0, 339, 171, 279, 336, 0, 3, 0, 0, 1062, 64869, 0, 0, 0, 1717668284.533429
0, 0, 6, 0, 5, 0, 0, 0, 0, 3300, 0, 0, 0, 3224, 0, 120, 12, 206, 32, 343, 253, 0, 0, 0, 0, 339, 171, 279, 336, 0, 3, 0, 0, 1062, 64869, 0, 0, 0, 1717668284.641443
0, 0, 6, 0, 5, 0, 0, 0, 0, 3300, 0, 0, 0, 3224, 0, 120, 12, 206, 32, 343, 253, 0, 0, 0, 0, 339, 171, 279, 336, 0, 3, 0, 0, 1062, 64869, 0, 0, 0, 1717668284.751603
0, 0, 6, 0, 5, 0, 0, 0, 0, 3300, 0, 0, 0, 3222, 0, 120, 12, 206, 32, 343, 253, 0, 0, 0, 0, 339, 171, 279, 336, 0, 3, 0, 0, 1062, 64869, 0, 0, 0, 1717668284.868959
0, 0, 6, 0, 5, 0, 0, 0, 0, 3300, 0, 0, 0, 3222, 0, 120, 12, 206, 32, 343, 253, 0, 0, 0, 0, 339, 171, 279, 336, 0, 3, 0, 0, 1062, 64869, 0, 0, 0, 1717668284.980088
0, 0, 6, 0, 5, 0, 0, 0, 0, 3300, 0, 0, 0, 3222, 0, 117, 12, 206, 32, 343, 253, 0, 0, 0, 0, 339, 171, 279, 336, 0, 3, 0, 0, 1062, 64869, 0, 0, 0, 1717668285.0914931
0, 0, 6, 0, 5, 0, 0, 0, 0, 3300, 0, 0, 0, 3222, 0, 117, 12, 206, 32, 343, 253, 0, 0, 0, 0, 339, 171, 279, 336, 0, 3, 0, 0, 1062, 64869, 0, 0, 0, 1717668285.203107
0, 0, 6, 0, 5, 0, 0, 0, 0, 3300, 0, 0, 0, 3222, 0, 117, 12, 206, 32, 343, 253, 0, 0, 0, 0, 339, 171, 279, 336, 0, 3, 0, 0, 1062, 64869, 0, 0, 0, 1717668285.314711
0, 0, 6, 0, 5, 0, 0, 0, 0, 3300, 0, 0, 0, 3222, 0, 117, 12, 206, 32, 343, 253, 0, 0, 0, 0, 339, 171, 279, 336, 0, 3, 0, 0, 1062, 64869, 0, 0, 0, 1717668285.426414
0, 0, 6, 0, 5, 0, 0, 0, 0, 3300, 0, 0, 0, 3218, 0, 120, 12, 194, 31, 343, 255, 0, 0, 0, 0, 338, 171, 278, 335, 0, 3, 0, 0, 1062, 64869, 0, 0, 0, 1717668285.537078
0, 0, 6, 0, 5, 0, 0, 0, 0, 3300, 0, 0, 0, 3218, 0, 120, 12, 194, 31, 343, 255, 0, 0, 0, 0, 338, 171, 278, 335, 0, 3, 0, 0, 1062, 64869, 0, 0, 0, 1717668285.6487591
0, 0, 6, 0, 5, 0, 0, 0, 0, 3300, 0, 0, 0, 3215, 0, 120, 12, 194, 31, 343, 255, 0, 0, 0, 0, 338, 171, 278, 335, 0, 3, 0, 0, 1062, 64869, 0, 0, 0, 1717668285.760007
0, 0, 6, 0, 5, 0, 0, 0, 0, 3300, 0, 0, 0, 3215, 0, 120, 12, 194, 31, 343, 255, 0, 0, 0, 0, 338, 171, 278, 335, 0, 3, 0, 0, 1062, 64869, 0, 0, 0, 1717668285.8716302
0, 0, 6, 0, 5, 0, 0, 0, 0, 3300, 0, 0, 0, 3215, 0, 118, 12, 194, 31, 343, 255, 0, 0, 0, 0, 338, 171, 278, 335, 0, 3, 0, 0, 1062, 64869, 0, 0, 0, 1717668285.984344
0, 0, 6, 0, 5, 0, 0, 0, 0, 3300, 0, 0, 0, 3215, 0, 118, 12, 194, 31, 343, 255, 0, 0, 0, 0, 338, 171, 278, 335, 0, 3, 0, 0, 1062, 64869, 0, 0, 0, 1717668286.093245
0, 0, 6, 0, 5, 0, 0, 0, 0, 3300, 0, 0, 0, 3212, 0, 118, 12, 194, 31, 343, 255, 0, 0, 0, 0, 338, 171, 278, 335, 0, 3, 0, 0, 1062, 64869, 0, 0, 0, 1717668286.204619
0, 0, 6, 0, 5, 0, 0, 0, 0, 3300, 0, 0, 0, 3212, 0, 118, 12, 194, 31, 343, 255, 0, 0, 0, 0, 338, 171, 278, 335, 0, 3, 0, 0, 1062, 64869, 0, 0, 0, 1717668286.315017
0, 0, 6, 0, 5, 0, 0, 0, 0, 3300, 0, 0, 0, 3212, 0, 118, 12, 194, 31, 343, 255, 0, 0, 0, 0, 338, 171, 278, 335, 0, 3, 0, 0, 1062, 64869, 0, 0, 0, 1717668286.426616
0, 0, 6, 0, 5, 0, 0, 0, 0, 3300, 0, 0, 0, 3212, 0, 119, 12, 194, 31, 343, 255, 0, 0, 0, 0, 338, 171, 278, 335, 0, 3, 0, 0, 1062, 64869, 0, 0, 0, 1717668286.538269
0, 0, 6, 0, 5, 0, 0, 0, 0, 3300, 0, 0, 0, 3212, 0, 119, 12, 194, 31, 343, 255, 0, 0, 0, 0, 338, 171, 278, 335, 0, 3, 0, 0, 1062, 64869, 0, 0, 0, 1717668286.6489952
0, 0, 6, 0, 5, 0, 0, 0, 0, 3300, 0, 0, 0, 3209, 0, 119, 12, 194, 31, 343, 255, 0, 0, 0, 0, 338, 171, 278, 335, 0, 3, 0, 0, 1062, 64869, 0, 0, 0, 1717668286.7621691
0, 0, 6, 0, 5, 0, 0, 0, 0, 3300, 0, 0, 0, 3209, 0, 119, 12, 194, 31, 343, 255, 0, 0, 0, 0, 338, 171, 278, 335, 0, 3, 0, 0, 1062, 64869, 0, 0, 0, 1717668286.8734348
0, 0, 6, 0, 5, 0, 0, 0, 0, 3300, 0, 0, 0, 3209, 0, 120, 12, 194, 31, 343, 255, 0, 0, 0, 0, 338, 171, 278, 335, 0, 3, 0, 0, 1062, 64869, 0, 0, 0, 1717668286.9850922
0, 0, 6, 0, 5, 0, 0, 0, 0, 3300, 0, 0, 0, 3209, 0, 120, 12, 194, 31, 343, 255, 0, 0, 0, 0, 338, 171, 278, 335, 0, 3, 0, 0, 1062, 64869, 0, 0, 0, 1717668287.091577
0, 0, 6, 0, 5, 0, 0, 0, 0, 3300, 0, 0, 0, 3206, 0, 120, 12, 194, 31, 343, 255, 0, 0, 0, 0, 338, 171, 278, 335, 0, 3, 0, 0, 1062, 64869, 0, 0, 0, 1717668287.202167
0, 0, 6, 0, 5, 0, 0, 0, 0, 3300, 0, 0, 0, 3206, 0, 120, 12, 194, 31, 343, 255, 0, 0, 0, 0, 338, 171, 278, 335, 0, 3, 0, 0, 1062, 64869, 0, 0, 0, 1717668287.309835
0, 0, 6, 0, 5, 0, 0, 0, 0, 3300, 0, 0, 0, 3206, 0, 120, 12, 194, 31, 343, 255, 0, 0, 0, 0, 338, 171, 278, 335, 0, 3, 0, 0, 1062, 64869, 0, 0, 0, 1717668287.421016
0, 0, 6, 0, 5, 0, 0, 0, 0, 3300, 0, 0, 0, 3206, 0, 120, 12, 193, 31, 343, 255, 0, 0, 0, 0, 338, 170, 279, 336, 0, 3, 0, 0, 1062, 64869, 0, 0, 0, 1717668287.528718
0, 0, 6, 0, 5, 0, 0, 0, 0, 3300, 0, 0, 0, 3203, 0, 120, 12, 193, 31, 343, 255, 0, 0, 0, 0, 338, 170, 279, 336, 0, 3, 0, 0, 1062, 64869, 0, 0, 0, 1717668287.639626
0, 0, 6, 0, 5, 0, 0, 0, 0, 3300, 0, 0, 0, 3203, 0, 120, 12, 193, 31, 343, 255, 0, 0, 0, 0, 338, 170, 279, 336, 0, 3, 0, 0, 1062, 64869, 0, 0, 0, 1717668287.749231
0, 0, 6, 0, 5, 0, 0, 0, 0, 3300, 0, 0, 0, 3203, 0, 120, 12, 193, 31, 343, 255, 0, 0, 0, 0, 338, 170, 279, 336, 0, 3, 0, 0, 1062, 64869, 0, 0, 0, 1717668287.858166
0, 0, 6, 0, 5, 0, 0, 0, 0, 3300, 0, 0, 0, 3203, 0, 120, 12, 193, 31, 343, 255, 0, 0, 0, 0, 338, 170, 279, 336, 0, 3, 0, 0, 1062, 64869, 0, 0, 0, 1717668287.9717638
0, 0, 6, 0, 5, 0, 0, 0, 0, 3300, 0, 0, 0, 3200, 0, 121, 12, 193, 31, 343, 255, 0, 0, 0, 0, 338, 170, 279, 336, 0, 3, 0, 0, 1062, 64869, 0, 0, 0, 1717668288.0825999
0, 0, 6, 0, 5, 0, 0, 0, 0, 3300, 0, 0, 0, 3200, 0, 121, 12, 193, 31, 343, 255, 0, 0, 0, 0, 338, 170, 279, 336, 0, 3, 0, 0, 1062, 64869, 0, 0, 0, 1717668288.194432
0, 0, 6, 0, 5, 0, 0, 0, 0, 3300, 0, 0, 0, 3200, 0, 121, 12, 193, 31, 343, 255, 0, 0, 0, 0, 338, 170, 279, 336, 0, 3, 0, 0, 1062, 64869, 0, 0, 0, 1717668288.302799
0, 0, 6, 0, 5, 0, 0, 0, 0, 3300, 0, 0, 0, 3200, 0, 121, 12, 193, 31, 343, 255, 0, 0, 0, 0, 338, 170, 279, 336, 0, 3, 0, 0, 1062, 64869, 0, 0, 0, 1717668288.414443
0, 0, 6, 0, 5, 0, 0, 0, 0, 3300, 0, 0, 0, 3197, 0, 120, 12, 193, 31, 343, 255, 0, 0, 0, 0, 338, 170, 279, 336, 0, 3, 0, 0, 1062, 64869, 0, 0, 0, 1717668288.524075
0, 0, 6, 0, 5, 0, 0, 0, 0, 3300, 0, 0, 0, 3197, 0, 120, 12, 193, 31, 343, 255, 0, 0, 0, 0, 338, 170, 279, 336, 0, 3, 0, 0, 1062, 64869, 0, 0, 0, 1717668288.635552
0, 0, 6, 0, 5, 0, 0, 0, 0, 3300, 0, 0, 0, 3197, 0, 120, 12, 193, 31, 343, 255, 1, 0, 0, 0, 338, 170, 279, 336, 0, 3, 0, 0, 1062, 64869, 14, 0, 0, 1717668288.745312
0, 0, 6, 0, 5, 0, 0, 0, 0, 3300, 0, 0, 0, 3197, 0, 120, 12, 193, 31, 343, 255, 1, 0, 0, 0, 338, 170, 279, 336, 0, 3, 0, 0, 1062, 64869, 14, 0, 0, 1717668288.856632
0, 0, 6, 0, 5, 0, 0, 0, 0, 3300, 0, 0, 0, 3194, 0, 122, 12, 193, 31, 343, 255, 1, 0, 0, 0, 338, 170, 279, 336, 0, 3, 0, 0, 1062, 64869, 14, 0, 0, 1717668288.971947
0, 0, 6, 0, 5, 0, 0, 0, 0, 3300, 0, 0, 0, 3194, 0, 122, 12, 193, 31, 343, 255, 1, 0, 0, 0, 338, 170, 279, 336, 0, 3, 0, 0, 1062, 64869, 14, 0, 0, 1717668289.082263
0, 0, 6, 0, 5, 0, 0, 0, 0, 3300, 0, 0, 0, 3194, 0, 122, 12, 193, 31, 343, 255, 1, 0, 0, 0, 338, 170, 279, 336, 0, 3, 0, 0, 1062, 64869, 14, 0, 0, 1717668289.196435
0, 0, 6, 0, 5, 0, 0, 0, 0, 3300, 0, 0, 0, 3194, 0, 122, 12, 193, 31, 343, 255, 1, 0, 0, 0, 338, 170, 279, 336, 0, 3, 0, 0, 1062, 64869, 14, 0, 0, 1717668289.3070211
0, 0, 6, 0, 5, 0, 0, 0, 0, 3300, 0, 0, 0, 3194, 0, 122, 12, 193, 31, 343, 255, 1, 0, 0, 0, 338, 170, 279, 336, 0, 3, 0, 0, 1062, 64869, 14, 0, 0, 1717668289.416626
0, 0, 6, 0, 5, 0, 0, 0, 0, 3300, 0, 0, 0, 3194, 0, 122, 12, 193, 31, 343, 255, 1, 0, 0, 0, 338, 170, 279, 336, 0, 3, 0, 0, 1062, 64869, 14, 0, 0, 1717668289.525708
0, 0, 6, 0, 5, 0, 0, 0, 0, 3300, 0, 0, 0, 3191, 0, 119, 12, 207, 31, 344, 254, 0, 0, 0, 0, 338, 171, 280, 336, 0, 3, 0, 0, 1062, 64869, 0, 0, 0, 1717668289.6416728
0, 0, 6, 0, 5, 0, 0, 0, 0, 3300, 0, 0, 0, 3191, 0, 119, 12, 207, 31, 344, 254, 0, 0, 0, 0, 338, 171, 280, 336, 0, 3, 0, 0, 1062, 64869, 0, 0, 0, 1717668289.753909
0, 0, 6, 0, 5, 0, 0, 0, 0, 3300, 0, 0, 0, 3188, 0, 119, 12, 199, 32, 344, 255, 0, 0, 0, 0, 338, 171, 278, 335, 0, 3, 0, 0, 1062, 64869, 0, 0, 0, 1717668289.8649988
0, 0, 6, 0, 5, 0, 0, 0, 0, 3300, 0, 0, 0, 3188, 0, 119, 12, 199, 32, 344, 255, 0, 0, 0, 0, 338, 171, 278, 335, 0, 3, 0, 0, 1062, 64869, 0, 0, 0, 1717668289.9740338
0, 0, 6, 0, 5, 0, 0, 0, 0, 3300, 0, 0, 0, 3188, 0, 121, 12, 199, 32, 344, 255, 0, 0, 0, 0, 338, 171, 278, 335, 0, 3, 0, 0, 1062, 64869, 0, 0, 0, 1717668290.084312
0, 0, 6, 0, 5, 0, 0, 0, 0, 3300, 0, 0, 0, 3188, 0, 121, 12, 199, 32, 344, 255, 0, 0, 0, 0, 338, 171, 278, 335, 0, 3, 0, 0, 1062, 64869, 0, 0, 0, 1717668290.194922
0, 0, 6, 0, 5, 0, 0, 0, 0, 3300, 0, 0, 0, 3185, 0, 121, 12, 199, 32, 344, 255, 0, 0, 0, 0, 338, 171, 278, 335, 0, 3, 0, 0, 1062, 64869, 0, 0, 0, 1717668290.306047
0, 0, 6, 0, 5, 0, 0, 0, 0, 3300, 0, 0, 0, 3185, 0, 121, 12, 199, 32, 344, 255, 0, 0, 0, 0, 338, 171, 278, 335, 0, 3, 0, 0, 1062, 64869, 0, 0, 0, 1717668290.417205
0, 0, 6, 0, 5, 0, 0, 0, 0, 3300, 0, 0, 0, 3185, 0, 119, 12, 199, 32, 344, 255, 0, 0, 0, 0, 338, 171, 278, 335, 0, 3, 0, 0, 1062, 64869, 0, 0, 0, 1717668290.528275
0, 0, 6, 0, 5, 0, 0, 0, 0, 3300, 0, 0, 0, 3185, 0, 119, 12, 199, 32, 344, 255, 0, 0, 0, 0, 338, 171, 278, 335, 0, 3, 0, 0, 1062, 64869, 0, 0, 0, 1717668290.63972
0, 0, 6, 0, 5, 0, 0, 0, 0, 3300, 0, 0, 0, 3182, 0, 119, 12, 199, 32, 344, 255, 0, 0, 0, 0, 338, 171, 278, 335, 0, 3, 0, 0, 1062, 64869, 0, 0, 0, 1717668290.75028
0, 0, 6, 0, 5, 0, 0, 0, 0, 3300, 0, 0, 0, 3182, 0, 119, 12, 199, 32, 344, 255, 0, 0, 0, 0, 338, 171, 278, 335, 0, 3, 0, 0, 1062, 64869, 0, 0, 0, 1717668290.858591
0, 0, 6, 0, 5, 0, 0, 0, 0, 3300, 0, 0, 0, 3182, 0, 119, 12, 199, 32, 344, 255, 0, 0, 0, 0, 338, 171, 278, 335, 0, 3, 0, 0, 1062, 64869, 0, 0, 0, 1717668290.972744
0, 0, 6, 0, 5, 0, 0, 0, 0, 3300, 0, 0, 0, 3182, 0, 121, 12, 199, 32, 344, 255, 0, 0, 0, 0, 338, 171, 278, 335, 0, 3, 0, 0, 1062, 64869, 0, 0, 0, 1717668291.084269
0, 0, 6, 0, 5, 0, 0, 0, 0, 3300, 0, 0, 0, 3182, 0, 121, 12, 199, 32, 344, 255, 0, 0, 0, 0, 338, 171, 278, 335, 0, 3, 0, 0, 1062, 64869, 0, 0, 0, 1717668291.195852
0, 0, 6, 0, 5, 0, 0, 0, 0, 3300, 0, 0, 0, 3179, 0, 121, 12, 199, 32, 344, 255, 0, 0, 0, 0, 338, 171, 278, 335, 0, 3, 0, 0, 1062, 64869, 0, 0, 0, 1717668291.309174
0, 0, 6, 0, 5, 0, 0, 0, 0, 3300, 0, 0, 0, 3179, 0, 121, 12, 199, 32, 344, 255, 0, 0, 0, 0, 338, 171, 278, 335, 0, 3, 0, 0, 1062, 64869, 0, 0, 0, 1717668291.419564
0, 0, 6, 0, 5, 0, 0, 0, 0, 3300, 0, 0, 0, 3179, 0, 121, 12, 199, 32, 344, 255, 0, 0, 0, 0, 338, 171, 278, 335, 0, 3, 0, 0, 1062, 64869, 0, 0, 0, 1717668291.530483
0, 0, 6, 0, 5, 0, 0, 0, 0, 3300, 0, 0, 0, 3179, 0, 122, 12, 204, 31, 342, 254, 0, 0, 0, 0, 339, 170, 279, 336, 0, 3, 0, 0, 1062, 64869, 0, 0, 0, 1717668291.639518
0, 0, 6, 0, 5, 0, 0, 0, 0, 3300, 0, 0, 0, 3176, 0, 122, 12, 204, 31, 342, 254, 0, 0, 0, 0, 339, 170, 279, 336, 0, 3, 0, 0, 1062, 64869, 0, 0, 0, 1717668291.7490718
0, 0, 6, 0, 5, 0, 0, 0, 0, 3300, 0, 0, 0, 3176, 0, 122, 12, 204, 31, 342, 254, 0, 0, 0, 0, 339, 170, 279, 336, 0, 3, 0, 0, 1062, 64869, 0, 0, 0, 1717668291.858627
0, 0, 6, 0, 5, 0, 0, 0, 0, 3300, 0, 0, 0, 3176, 0, 122, 12, 204, 31, 342, 254, 0, 0, 1, 0, 339, 170, 279, 336, 0, 3, 0, 0, 1062, 64869, 0, 0, 83, 1717668291.970273
0, 0, 6, 0, 5, 0, 0, 0, 0, 3300, 0, 0, 0, 3176, 0, 122, 12, 204, 31, 342, 254, 0, 0, 1, 0, 339, 170, 279, 336, 0, 3, 0, 0, 1062, 64869, 0, 0, 83, 1717668292.0888991
0, 0, 6, 0, 5, 0, 0, 0, 0, 3300, 0, 0, 0, 3173, 0, 120, 12, 204, 31, 342, 254, 0, 0, 1, 0, 339, 170, 279, 336, 0, 3, 0, 0, 1062, 64869, 0, 0, 83, 1717668292.1975071
0, 0, 6, 0, 5, 0, 0, 0, 0, 3300, 0, 0, 0, 3173, 0, 120, 12, 204, 31, 342, 254, 0, 0, 1, 0, 339, 170, 279, 336, 0, 3, 0, 0, 1062, 64869, 0, 0, 83, 1717668292.307164
0, 0, 6, 0, 5, 0, 0, 0, 0, 3300, 0, 0, 0, 3173, 0, 120, 12, 204, 31, 342, 254, 0, 0, 1, 0, 339, 170, 279, 336, 0, 3, 0, 0, 1062, 64869, 0, 0, 83, 1717668292.4162052
0, 0, 6, 0, 5, 0, 0, 0, 0, 3300, 0, 0, 0, 3173, 0, 120, 12, 204, 31, 342, 254, 0, 0, 1, 0, 339, 170, 279, 336, 0, 3, 0, 0, 1062, 64869, 0, 0, 83, 1717668292.526577
0, 0, 6, 0, 5, 0, 0, 0, 0, 3300, 0, 0, 0, 3170, 0, 120, 12, 204, 31, 342, 254, 0, 0, 1, 0, 339, 170, 279, 336, 0, 3, 0, 0, 1062, 64869, 0, 0, 83, 1717668292.637996
0, 0, 6, 0, 5, 0, 0, 0, 0, 3300, 0, 0, 0, 3170, 0, 120, 12, 204, 31, 342, 254, 0, 0, 0, 0, 339, 170, 279, 336, 0, 3, 0, 0, 1062, 64869, 0, 0, 0, 1717668292.748283
0, 0, 6, 0, 5, 0, 0, 0, 0, 3300, 0, 0, 0, 3170, 0, 120, 12, 204, 31, 342, 254, 0, 0, 0, 0, 339, 170, 279, 336, 0, 3, 0, 0, 1062, 64869, 0, 0, 0, 1717668292.858825
0, 0, 6, 0, 5, 0, 0, 0, 0, 3300, 0, 0, 0, 3170, 0, 120, 12, 204, 31, 342, 254, 0, 0, 0, 0, 339, 170, 279, 336, 0, 3, 0, 0, 1062, 64869, 0, 0, 0, 1717668292.968908
0, 0, 6, 0, 5, 0, 0, 0, 0, 3300, 0, 0, 0, 3170, 0, 120, 12, 204, 31, 342, 254, 0, 0, 0, 0, 339, 170, 279, 336, 0, 3, 0, 0, 1062, 64869, 0, 0, 0, 1717668293.0756311
0, 0, 6, 0, 5, 0, 0, 0, 0, 3300, 0, 0, 0, 3167, 0, 120, 12, 196, 32, 339, 249, 0, 0, 0, 0, 338, 171, 280, 336, 0, 3, 0, 0, 1062, 64869, 0, 0, 0, 1717668293.1873112
0, 0, 6, 0, 5, 0, 0, 0, 0, 3300, 0, 0, 0, 3167, 0, 120, 12, 196, 32, 339, 249, 0, 0, 0, 0, 338, 171, 280, 336, 0, 3, 0, 0, 1062, 64869, 0, 0, 0, 1717668293.298604
0, 0, 6, 0, 5, 0, 0, 0, 0, 3300, 0, 0, 0, 3164, 0, 120, 12, 196, 32, 339, 249, 0, 0, 0, 0, 338, 171, 280, 336, 0, 3, 0, 0, 1062, 64869, 0, 0, 0, 1717668293.4101
0, 0, 6, 0, 5, 0, 0, 0, 0, 3300, 0, 0, 0, 3164, 0, 120, 12, 196, 32, 339, 249, 0, 0, 0, 0, 338, 171, 280, 336, 0, 3, 0, 0, 1062, 64869, 0, 0, 0, 1717668293.520525
0, 0, 6, 0, 5, 0, 0, 0, 0, 3300, 0, 0, 0, 3164, 0, 120, 12, 196, 32, 339, 249, 0, 0, 0, 0, 338, 171, 280, 336, 0, 3, 0, 0, 1062, 64869, 0, 0, 0, 1717668293.633694
0, 0, 6, 0, 5, 0, 0, 0, 0, 3300, 0, 0, 0, 3164, 0, 121, 12, 196, 32, 339, 249, 0, 0, 0, 0, 338, 171, 280, 336, 0, 3, 0, 0, 1062, 64869, 0, 0, 0, 1717668293.743249
0, 0, 6, 0, 5, 0, 0, 0, 0, 3300, 0, 0, 0, 3161, 0, 121, 12, 196, 32, 339, 249, 0, 0, 0, 0, 338, 171, 280, 336, 0, 3, 0, 0, 1062, 64869, 0, 0, 0, 1717668293.8575501
0, 0, 6, 0, 5, 0, 0, 0, 0, 3300, 0, 0, 0, 3161, 0, 121, 12, 196, 32, 339, 249, 0, 0, 0, 0, 338, 171, 280, 336, 0, 3, 0, 0, 1062, 64869, 0, 0, 0, 1717668293.968055
0, 0, 6, 0, 5, 0, 0, 0, 0, 3300, 0, 0, 0, 3161, 0, 121, 12, 196, 32, 339, 249, 0, 0, 0, 0, 338, 171, 280, 336, 0, 3, 0, 0, 1062, 64869, 0, 0, 0, 1717668294.080926
0, 0, 6, 0, 5, 0, 0, 0, 0, 3300, 0, 0, 0, 3161, 0, 121, 12, 196, 32, 339, 249, 0, 0, 0, 0, 338, 171, 280, 336, 0, 3, 0, 0, 1062, 64869, 0, 0, 0, 1717668294.189785
0, 0, 6, 0, 5, 0, 0, 0, 0, 3300, 0, 0, 0, 3161, 0, 121, 12, 196, 32, 339, 249, 0, 0, 0, 0, 338, 171, 280, 336, 0, 3, 0, 0, 1062, 64869, 0, 0, 0, 1717668294.298248
0, 0, 6, 0, 5, 0, 0, 0, 0, 3300, 0, 0, 0, 3158, 0, 121, 12, 196, 32, 339, 249, 0, 0, 0, 0, 338, 171, 280, 336, 0, 3, 0, 0, 1062, 64869, 0, 0, 0, 1717668294.409423
0, 0, 6, 0, 5, 0, 0, 0, 0, 3300, 0, 0, 0, 3158, 0, 121, 12, 196, 32, 339, 249, 0, 0, 0, 0, 338, 171, 280, 336, 0, 3, 0, 0, 1062, 64869, 0, 0, 0, 1717668294.5182788
0, 0, 6, 0, 5, 0, 0, 0, 0, 3300, 0, 0, 0, 3158, 0, 121, 12, 196, 32, 339, 249, 0, 0, 0, 0, 338, 171, 280, 336, 0, 3, 0, 0, 1062, 64869, 0, 0, 0, 1717668294.624214
0, 0, 6, 0, 5, 0, 0, 0, 0, 3300, 0, 0, 0, 3158, 0, 121, 12, 196, 32, 339, 249, 0, 0, 0, 0, 338, 171, 280, 336, 0, 3, 0, 0, 1062, 64869, 0, 0, 0, 1717668294.73385
0, 0, 6, 0, 5, 0, 0, 0, 0, 3300, 0, 0, 0, 3155, 0, 118, 11, 202, 33, 339, 250, 0, 0, 0, 0, 339, 170, 280, 336, 0, 3, 0, 0, 1062, 64869, 0, 0, 0, 1717668294.8426518
0, 0, 6, 0, 5, 0, 0, 0, 0, 3300, 0, 0, 0, 3155, 0, 118, 11, 188, 30, 339, 250, 0, 0, 0, 0, 339, 170, 280, 336, 0, 3, 0, 0, 1062, 64869, 0, 0, 0, 1717668294.952526
0, 0, 6, 0, 5, 0, 0, 0, 0, 3300, 0, 0, 0, 3155, 0, 118, 11, 188, 30, 339, 250, 0, 0, 1, 0, 339, 170, 280, 336, 0, 3, 0, 0, 1062, 64869, 0, 0, 62, 1717668295.064049
0, 0, 6, 0, 5, 0, 0, 0, 0, 3300, 0, 0, 0, 3155, 0, 118, 11, 188, 30, 339, 250, 0, 0, 1, 0, 339, 170, 280, 336, 0, 3, 0, 0, 1062, 64869, 0, 0, 62, 1717668295.173679
0, 0, 6, 0, 5, 0, 0, 0, 0, 3300, 0, 0, 0, 3152, 0, 119, 12, 188, 30, 339, 250, 0, 0, 1, 0, 339, 170, 280, 336, 0, 3, 0, 0, 1062, 64869, 0, 0, 62, 1717668295.282017
0, 0, 6, 0, 5, 0, 0, 0, 0, 3300, 0, 0, 0, 3152, 0, 119, 12, 188, 30, 339, 250, 0, 0, 1, 0, 339, 170, 280, 336, 0, 3, 0, 0, 1062, 64869, 0, 0, 62, 1717668295.397535
0, 0, 6, 0, 5, 0, 0, 0, 0, 3300, 0, 0, 0, 3152, 0, 119, 12, 188, 30, 339, 250, 0, 0, 1, 0, 339, 170, 280, 336, 0, 3, 0, 0, 1062, 64869, 0, 0, 62, 1717668295.506259
0, 0, 6, 0, 5, 0, 0, 0, 0, 3300, 0, 0, 0, 3152, 0, 119, 12, 188, 30, 339, 250, 0, 0, 1, 0, 339, 170, 280, 336, 0, 3, 0, 0, 1062, 64869, 0, 0, 62, 1717668295.615767
0, 0, 6, 0, 5, 0, 0, 0, 0, 3300, 0, 0, 0, 3149, 0, 120, 12, 188, 30, 339, 250, 0, 0, 0, 0, 339, 170, 280, 336, 0, 3, 0, 0, 1062, 64869, 0, 0, 0, 1717668295.730479
0, 0, 6, 0, 5, 0, 0, 0, 0, 3300, 0, 0, 0, 3149, 0, 120, 12, 188, 30, 339, 250, 0, 0, 0, 0, 339, 170, 280, 336, 0, 3, 0, 0, 1062, 64869, 0, 0, 0, 1717668295.84177
0, 0, 6, 0, 5, 0, 0, 0, 0, 3300, 0, 0, 0, 3149, 0, 120, 12, 188, 30, 339, 250, 0, 0, 0, 0, 339, 170, 280, 336, 0, 3, 0, 0, 1062, 64869, 0, 0, 0, 1717668295.9539368
0, 0, 6, 0, 5, 0, 0, 0, 0, 3300, 0, 0, 0, 3149, 0, 120, 12, 188, 30, 339, 250, 0, 0, 0, 0, 339, 170, 280, 336, 0, 3, 0, 0, 1062, 64869, 0, 0, 0, 1717668296.0704262
0, 0, 6, 0, 5, 0, 0, 0, 0, 3300, 0, 0, 0, 3146, 0, 121, 12, 188, 30, 339, 250, 0, 0, 0, 0, 339, 170, 280, 336, 0, 3, 0, 0, 1062, 64869, 0, 0, 0, 1717668296.182461
0, 0, 6, 0, 5, 0, 0, 0, 0, 3300, 0, 0, 0, 3146, 0, 121, 12, 188, 30, 339, 250, 0, 0, 0, 0, 339, 170, 280, 336, 0, 3, 0, 0, 1062, 64869, 0, 0, 0, 1717668296.291573
0, 0, 6, 0, 5, 0, 0, 0, 0, 3300, 0, 0, 0, 3146, 0, 121, 12, 188, 30, 339, 250, 0, 0, 0, 0, 339, 170, 280, 336, 0, 3, 0, 0, 1062, 64869, 0, 0, 0, 1717668296.4102871
0, 0, 6, 0, 5, 0, 0, 0, 0, 3300, 0, 0, 0, 3146, 0, 121, 12, 188, 30, 339, 250, 0, 0, 0, 0, 339, 170, 280, 336, 0, 3, 0, 0, 1062, 64869, 0, 0, 0, 1717668296.526381
0, 0, 6, 0, 5, 0, 0, 0, 0, 3300, 0, 0, 0, 3143, 0, 121, 11, 188, 30, 339, 250, 0, 0, 0, 0, 339, 170, 280, 336, 0, 3, 0, 0, 1062, 64869, 0, 0, 0, 1717668296.638499
0, 0, 6, 0, 5, 0, 0, 0, 0, 3300, 0, 0, 0, 3143, 0, 121, 11, 188, 30, 339, 250, 0, 0, 0, 0, 339, 170, 280, 336, 0, 3, 0, 0, 1062, 64869, 0, 0, 0, 1717668296.749141
0, 0, 6, 0, 5, 0, 0, 0, 0, 3300, 0, 0, 0, 3143, 0, 121, 11, 188, 30, 339, 250, 0, 0, 0, 0, 339, 170, 280, 336, 0, 3, 0, 0, 1062, 64869, 0, 0, 0, 1717668296.862862
0, 0, 6, 0, 5, 0, 0, 0, 0, 3300, 0, 0, 0, 3143, 0, 121, 11, 188, 30, 339, 250, 0, 0, 0, 0, 339, 170, 280, 336, 0, 3, 0, 0, 1062, 64869, 0, 0, 0, 1717668296.9734678
0, 0, 6, 0, 5, 0, 0, 0, 0, 3300, 0, 0, 0, 3140, 0, 121, 11, 200, 30, 347, 254, 0, 0, 0, 0, 338, 171, 279, 336, 0, 3, 0, 0, 1062, 64869, 0, 0, 0, 1717668297.0977259
0, 0, 6, 0, 5, 0, 0, 0, 0, 3300, 0, 0, 0, 3140, 0, 121, 11, 200, 30, 347, 254, 0, 0, 0, 0, 338, 171, 279, 336, 0, 3, 0, 0, 1062, 64869, 0, 0, 0, 1717668297.208343
0, 0, 6, 0, 5, 0, 0, 0, 0, 3300, 0, 0, 0, 3140, 0, 120, 12, 194, 31, 347, 254, 0, 0, 0, 0, 338, 171, 279, 336, 0, 3, 0, 0, 1062, 64869, 0, 0, 0, 1717668297.320789
0, 0, 6, 0, 5, 0, 0, 0, 0, 3300, 0, 0, 0, 3140, 0, 120, 12, 194, 31, 347, 254, 0, 0, 0, 0, 338, 171, 279, 336, 0, 3, 0, 0, 1062, 64869, 0, 0, 0, 1717668297.4311738
0, 0, 6, 0, 5, 0, 0, 0, 0, 3300, 0, 0, 0, 3137, 0, 120, 12, 194, 31, 347, 254, 0, 0, 0, 0, 338, 171, 279, 336, 0, 3, 0, 0, 1062, 64869, 0, 0, 0, 1717668297.541972
0, 0, 6, 0, 5, 0, 0, 0, 0, 3300, 0, 0, 0, 3137, 0, 120, 12, 194, 31, 347, 254, 0, 0, 0, 0, 338, 171, 279, 336, 0, 5, 0, 0, 1062, 64869, 0, 0, 0, 1717668297.676209
0, 0, 6, 0, 5, 0, 0, 0, 0, 3300, 0, 0, 0, 3137, 0, 120, 12, 194, 31, 347, 254, 0, 0, 0, 0, 338, 171, 279, 336, 0, 5, 0, 0, 1062, 64869, 0, 0, 0, 1717668297.7868779
0, 0, 6, 0, 5, 0, 0, 0, 0, 3300, 0, 0, 0, 3137, 0, 120, 11, 194, 31, 347, 254, 0, 0, 0, 0, 338, 171, 279, 336, 0, 5, 0, 0, 1062, 64869, 0, 0, 0, 1717668297.897812
0, 0, 6, 0, 5, 0, 0, 0, 0, 3300, 0, 0, 0, 3137, 0, 120, 11, 194, 31, 347, 254, 0, 0, 0, 0, 338, 171, 279, 336, 0, 5, 0, 0, 647, 64869, 0, 0, 0, 1717668298.005749
0, 0, 6, 0, 5, 0, 0, 0, 0, 3300, 0, 0, 0, 3136, 0, 120, 11, 197, 31, 338, 250, 0, 0, 0, 0, 338, 170, 280, 336, 0, 5, 0, 0, 647, 64869, 0, 0, 0, 1717668298.115474
0, 0, 6, 0, 5, 0, 0, 0, 0, 3300, 0, 0, 0, 3136, 0, 177, 17, 197, 31, 338, 250, 0, 0, 0, 0, 338, 170, 280, 336, 0, 5, 0, 0, 647, 64869, 0, 0, 0, 1717668298.225852
0, 0, 6, 0, 5, 0, 0, 0, 0, 3300, 0, 0, 0, 3136, 0, 177, 17, 197, 31, 338, 250, 0, 0, 0, 0, 338, 170, 280, 336, 0, 5, 0, 0, 647, 64869, 0, 0, 0, 1717668298.338495
0, 0, 6, 0, 5, 0, 0, 0, 0, 3300, 0, 0, 0, 3136, 0, 177, 17, 197, 31, 338, 250, 0, 0, 0, 0, 338, 170, 280, 336, 0, 5, 0, 0, 647, 64869, 0, 0, 0, 1717668298.449864
0, 0, 6, 0, 5, 0, 0, 0, 0, 3300, 0, 0, 0, 3182, 0, 177, 17, 455, 73, 339, 251, 0, 0, 0, 0, 338, 171, 280, 335, 0, 5, 0, 0, 133, 64869, 0, 0, 0, 1717668298.560807
0, 0, 6, 0, 5, 0, 0, 0, 0, 3300, 0, 0, 0, 3182, 0, 177, 17, 455, 73, 339, 251, 0, 0, 0, 0, 338, 171, 280, 335, 0, 5, 0, 0, 133, 64869, 0, 0, 0, 1717668298.671196
0, 0, 6, 0, 5, 0, 0, 0, 0, 3300, 0, 0, 0, 3182, 0, 347, 113, 455, 73, 339, 251, 0, 0, 0, 0, 338, 171, 280, 335, 0, 5, 0, 0, 133, 64869, 0, 0, 0, 1717668298.782333
0, 0, 6, 0, 5, 0, 0, 0, 0, 3300, 0, 0, 0, 3182, 0, 347, 113, 455, 73, 339, 251, 0, 0, 0, 0, 338, 171, 280, 335, 0, 5, 0, 0, 133, 64869, 0, 0, 0, 1717668298.8927538
0, 0, 6, 0, 5, 0, 0, 0, 0, 3300, 0, 0, 0, 3229, 0, 347, 113, 455, 73, 339, 251, 0, 0, 0, 0, 338, 171, 280, 335, 0, 5, 0, 0, 133, 64869, 0, 0, 0, 1717668299.002388
0, 0, 6, 0, 5, 0, 0, 0, 0, 3300, 0, 0, 0, 3229, 0, 347, 113, 455, 73, 339, 251, 0, 0, 0, 0, 338, 171, 280, 335, 0, 5, 0, 0, 133, 64869, 0, 0, 0, 1717668299.114609
0, 0, 6, 0, 5, 0, 0, 0, 0, 3300, 0, 0, 0, 3229, 0, 347, 113, 455, 73, 339, 251, 0, 0, 0, 0, 338, 171, 280, 335, 0, 5, 0, 0, 133, 64869, 0, 0, 0, 1717668299.223288
0, 0, 6, 0, 5, 0, 0, 0, 0, 3300, 0, 0, 0, 3273, 0, 346, 146, 451, 72, 344, 253, 0, 0, 0, 0, 338, 171, 278, 336, 0, 5, 0, 0, 133, 64869, 0, 0, 0, 1717668299.332618
0, 0, 6, 0, 5, 0, 0, 0, 0, 3300, 0, 0, 0, 3273, 0, 346, 146, 451, 72, 344, 253, 0, 0, 0, 0, 338, 171, 278, 336, 0, 5, 0, 0, 133, 64869, 0, 0, 0, 1717668299.441325
0, 0, 6, 0, 5, 0, 0, 0, 0, 3300, 0, 0, 0, 3273, 0, 346, 146, 451, 72, 344, 253, 0, 0, 0, 0, 338, 171, 278, 336, 0, 5, 0, 0, 133, 64869, 0, 0, 0, 1717668299.55182
0, 0, 6, 0, 5, 0, 0, 0, 0, 3300, 0, 0, 0, 3273, 0, 346, 146, 451, 72, 344, 253, 0, 0, 0, 0, 338, 171, 278, 336, 0, 5, 0, 0, 133, 64869, 0, 0, 0, 1717668299.676491
0, 0, 6, 0, 5, 0, 0, 0, 0, 3300, 0, 0, 0, 3322, 0, 347, 167, 454, 72, 344, 254, 0, 0, 0, 0, 339, 171, 278, 335, 0, 5, 0, 0, 133, 64869, 0, 0, 0, 1717668299.7949991
0, 0, 6, 0, 5, 0, 0, 0, 0, 3300, 0, 0, 0, 3322, 0, 347, 167, 454, 72, 344, 254, 0, 0, 0, 0, 339, 171, 278, 335, 0, 5, 0, 0, 133, 64869, 0, 0, 0, 1717668299.903362
0, 0, 6, 0, 5, 0, 0, 0, 0, 3300, 0, 0, 0, 3322, 0, 347, 167, 454, 72, 344, 254, 0, 0, 0, 0, 339, 171, 278, 335, 0, 5, 0, 0, 133, 64869, 0, 0, 0, 1717668300.013141
0, 0, 6, 0, 5, 0, 0, 0, 0, 3300, 0, 0, 0, 3322, 0, 347, 167, 454, 72, 344, 254, 0, 0, 0, 0, 339, 171, 278, 335, 0, 5, 0, 0, 133, 64869, 0, 0, 0, 1717668300.1216152
0, 0, 6, 0, 5, 0, 0, 0, 0, 3300, 0, 0, 0, 3322, 0, 347, 167, 454, 72, 344, 254, 0, 0, 0, 0, 339, 171, 278, 335, 0, 5, 0, 0, 133, 64869, 0, 0, 0, 1717668300.230879
0, 0, 6, 0, 5, 0, 0, 0, 0, 3300, 0, 0, 0, 3370, 0, 346, 188, 454, 72, 344, 254, 0, 0, 0, 0, 339, 171, 278, 335, 0, 5, 0, 0, 133, 64869, 0, 0, 0, 1717668300.339966
0, 0, 6, 0, 5, 0, 0, 0, 0, 3300, 0, 0, 0, 3370, 0, 346, 188, 454, 72, 344, 254, 0, 0, 0, 0, 339, 171, 278, 335, 0, 5, 0, 0, 133, 64869, 0, 0, 0, 1717668300.448818
0, 0, 6, 0, 5, 0, 0, 0, 0, 3300, 0, 0, 0, 3370, 0, 346, 188, 454, 72, 344, 254, 0, 0, 0, 0, 339, 171, 278, 335, 0, 5, 0, 0, 133, 64869, 0, 0, 0, 1717668300.5578291
0, 0, 6, 0, 5, 0, 0, 0, 0, 3300, 0, 0, 0, 3370, 0, 346, 188, 454, 72, 344, 254, 0, 0, 0, 0, 339, 171, 278, 335, 0, 5, 0, 0, 133, 64869, 0, 0, 0, 1717668300.669395
0, 0, 6, 0, 5, 0, 0, 0, 0, 3300, 0, 0, 0, 3370, 0, 346, 188, 454, 72, 344, 254, 0, 0, 0, 0, 339, 171, 278, 335, 0, 5, 0, 0, 133, 64869, 0, 0, 0, 1717668300.782397
0, 0, 6, 0, 5, 0, 0, 0, 0, 3300, 0, 0, 0, 3412, 0, 346, 188, 454, 72, 344, 254, 0, 0, 0, 0, 339, 171, 278, 335, 0, 5, 0, 0, 133, 64869, 0, 0, 0, 1717668300.8923678
0, 0, 6, 0, 5, 0, 0, 0, 0, 3300, 0, 0, 0, 3412, 0, 346, 215, 454, 72, 344, 254, 0, 0, 0, 65226, 339, 171, 278, 335, 0, 5, 0, 0, 133, 64869, 0, 0, 0, 1717668301.002296
0, 0, 6, 0, 5, 0, 0, 0, 0, 3300, 0, 0, 0, 3412, 0, 346, 215, 454, 72, 344, 254, 0, 0, 0, 65226, 339, 171, 278, 335, 0, 5, 0, 0, 133, 64869, 0, 0, 0, 1717668301.10801
0, 0, 6, 0, 5, 0, 0, 0, 0, 3300, 0, 0, 0, 3412, 0, 346, 215, 454, 72, 344, 254, 0, 0, 0, 65226, 339, 171, 278, 335, 0, 5, 0, 0, 133, 64869, 0, 0, 0, 1717668301.217366
0, 0, 6, 0, 5, 0, 0, 0, 0, 3300, 0, 0, 0, 3457, 0, 346, 222, 454, 72, 344, 254, 0, 0, 0, 65226, 339, 171, 278, 335, 0, 5, 0, 0, 133, 64869, 0, 0, 0, 1717668301.3292422
0, 0, 6, 0, 5, 0, 0, 0, 0, 3300, 0, 0, 0, 3457, 0, 346, 222, 454, 72, 344, 254, 0, 0, 0, 65226, 339, 171, 278, 335, 0, 5, 0, 0, 133, 64869, 0, 0, 0, 1717668301.438646
0, 0, 6, 0, 5, 0, 0, 0, 0, 3300, 0, 0, 0, 3457, 0, 346, 222, 454, 72, 344, 254, 0, 0, 0, 65226, 339, 171, 278, 335, 0, 5, 0, 0, 133, 64869, 0, 0, 0, 1717668301.550681
0, 0, 6, 0, 5, 0, 0, 0, 0, 3300, 0, 0, 0, 3505, 0, 346, 222, 458, 73, 338, 250, 0, 0, 0, 65226, 338, 171, 280, 336, 0, 5, 0, 0, 133, 64869, 0, 0, 0, 1717668301.6600351
0, 0, 6, 0, 5, 0, 0, 0, 0, 3300, 0, 0, 0, 3505, 0, 346, 222, 458, 73, 338, 250, 0, 0, 0, 65226, 338, 171, 280, 336, 0, 5, 0, 0, 133, 64869, 0, 0, 0, 1717668301.7695308
0, 0, 6, 0, 5, 0, 0, 0, 0, 3300, 0, 0, 0, 3505, 0, 349, 232, 458, 73, 338, 250, 0, 0, 0, 65226, 338, 171, 280, 336, 0, 5, 0, 0, 133, 64869, 0, 0, 0, 1717668301.880393
0, 0, 6, 0, 5, 0, 0, 0, 0, 3300, 0, 0, 0, 3505, 0, 349, 232, 458, 73, 338, 250, 0, 0, 0, 65226, 338, 171, 280, 336, 0, 5, 0, 0, 133, 64869, 0, 0, 0, 1717668302.0004869
0, 0, 6, 0, 5, 0, 0, 0, 0, 3300, 0, 0, 0, 3505, 0, 349, 232, 452, 70, 335, 247, 0, 0, 0, 65226, 338, 171, 280, 336, 0, 5, 0, 0, 133, 64869, 0, 0, 0, 1717668302.109241
0, 0, 6, 0, 5, 0, 0, 0, 0, 3300, 0, 0, 0, 3555, 0, 349, 232, 452, 70, 335, 247, 0, 0, 0, 65226, 338, 171, 280, 336, 0, 5, 0, 0, 133, 64869, 0, 0, 0, 1717668302.223829
0, 0, 6, 0, 5, 0, 0, 0, 0, 3300, 0, 0, 0, 3555, 0, 343, 239, 452, 70, 335, 247, 0, 0, 0, 65226, 338, 171, 280, 336, 0, 5, 0, 0, 133, 64869, 0, 0, 0, 1717668302.3350232
0, 0, 6, 0, 5, 0, 0, 0, 0, 3300, 0, 0, 0, 3555, 0, 343, 239, 452, 70, 335, 247, 0, 0, 0, 65226, 338, 171, 280, 336, 0, 5, 0, 0, 133, 64869, 0, 0, 0, 1717668302.446532
0, 0, 6, 0, 5, 0, 0, 0, 0, 3300, 0, 0, 0, 3555, 0, 343, 239, 452, 70, 335, 247, 0, 0, 0, 65226, 338, 171, 280, 336, 0, 5, 0, 0, 133, 64869, 0, 0, 0, 1717668302.5579069
0, 0, 6, 0, 5, 0, 0, 0, 0, 3300, 0, 0, 0, 3604, 0, 343, 239, 452, 72, 338, 249, 0, 0, 0, 65226, 338, 171, 280, 336, 0, 5, 0, 0, 133, 64869, 0, 0, 0, 1717668302.670273
0, 0, 6, 0, 5, 0, 0, 0, 0, 3300, 0, 0, 0, 3604, 0, 343, 239, 452, 72, 338, 249, 0, 0, 0, 65226, 338, 171, 280, 336, 0, 5, 0, 0, 133, 64869, 0, 0, 0, 1717668302.77719
0, 0, 6, 0, 5, 0, 0, 0, 0, 3300, 0, 0, 0, 3604, 0, 344, 243, 452, 72, 338, 249, 0, 0, 0, 65226, 338, 171, 280, 336, 0, 5, 0, 0, 133, 64869, 0, 0, 0, 1717668302.885352
0, 0, 6, 0, 5, 0, 0, 0, 0, 3300, 0, 0, 0, 3604, 0, 344, 243, 452, 72, 338, 249, 0, 0, 0, 65226, 338, 171, 280, 336, 0, 5, 0, 0, 133, 64869, 0, 0, 0, 1717668302.9942741
0, 0, 6, 0, 5, 0, 0, 0, 0, 3300, 0, 0, 0, 3651, 0, 344, 243, 452, 72, 338, 249, 0, 0, 0, 65226, 338, 171, 280, 336, 0, 5, 0, 0, 133, 64869, 0, 0, 0, 1717668303.104699
0, 0, 6, 0, 5, 0, 0, 0, 0, 3300, 0, 0, 0, 3651, 0, 344, 243, 452, 72, 338, 249, 0, 0, 0, 65226, 338, 171, 280, 336, 0, 5, 0, 0, 133, 64869, 0, 0, 0, 1717668303.2146418
0, 0, 6, 0, 5, 0, 0, 0, 0, 3300, 0, 0, 0, 3651, 0, 344, 243, 452, 72, 338, 249, 0, 0, 0, 65226, 338, 171, 280, 336, 0, 5, 0, 0, 133, 64869, 0, 0, 0, 1717668303.324971
0, 0, 6, 0, 5, 0, 0, 0, 0, 3300, 0, 0, 0, 3651, 0, 346, 248, 447, 70, 344, 255, 0, 0, 0, 65226, 338, 171, 279, 334, 0, 5, 0, 0, 133, 64869, 0, 0, 0, 1717668303.434346
0, 0, 6, 0, 5, 0, 0, 0, 0, 3300, 0, 0, 0, 3651, 0, 346, 248, 447, 70, 344, 255, 0, 0, 0, 65226, 338, 171, 279, 334, 0, 5, 0, 0, 133, 64869, 0, 0, 0, 1717668303.542516
0, 0, 6, 0, 5, 0, 0, 0, 0, 3300, 0, 0, 0, 3701, 0, 346, 248, 447, 70, 344, 255, 0, 0, 0, 65226, 338, 171, 279, 334, 0, 5, 0, 0, 133, 64869, 0, 0, 0, 1717668303.650511
0, 0, 6, 0, 5, 0, 0, 0, 0, 3300, 0, 0, 0, 3701, 0, 346, 248, 447, 70, 344, 255, 0, 0, 0, 65226, 338, 171, 279, 334, 0, 5, 0, 0, 133, 64869, 0, 0, 0, 1717668303.7630458
0, 0, 6, 0, 5, 0, 0, 0, 0, 3300, 0, 0, 0, 3701, 0, 346, 248, 447, 70, 344, 255, 0, 0, 0, 65226, 338, 171, 279, 334, 0, 5, 0, 0, 133, 64869, 0, 0, 0, 1717668303.8736289
0, 0, 6, 0, 5, 0, 0, 0, 0, 3300, 0, 0, 0, 3701, 0, 344, 250, 447, 70, 344, 255, 0, 0, 0, 65226, 338, 171, 279, 334, 0, 5, 0, 0, 133, 64869, 0, 0, 0, 1717668303.982146
0, 0, 6, 0, 5, 0, 0, 0, 0, 3300, 0, 0, 0, 3749, 0, 344, 250, 447, 70, 344, 255, 0, 0, 0, 65226, 338, 171, 279, 334, 0, 5, 0, 0, 133, 64869, 0, 0, 0, 1717668304.0905511
0, 0, 6, 0, 5, 0, 0, 0, 0, 3300, 0, 0, 0, 3749, 0, 344, 250, 447, 70, 344, 255, 0, 0, 0, 65226, 338, 171, 279, 334, 0, 5, 0, 0, 133, 64869, 0, 0, 0, 1717668304.198137
0, 0, 6, 0, 5, 0, 0, 0, 0, 3300, 0, 0, 0, 3749, 0, 344, 250, 447, 70, 344, 255, 0, 0, 0, 65226, 338, 171, 279, 334, 0, 5, 0, 0, 133, 64869, 0, 0, 0, 1717668304.30896
0, 0, 6, 0, 5, 0, 0, 0, 0, 3300, 0, 0, 0, 3749, 0, 346, 252, 447, 70, 344, 255, 0, 0, 0, 65226, 338, 171, 279, 334, 0, 5, 0, 0, 133, 64869, 0, 0, 0, 1717668304.4248052
0, 0, 6, 0, 5, 0, 0, 0, 0, 3300, 0, 0, 0, 3749, 0, 346, 252, 447, 70, 344, 255, 0, 0, 0, 65226, 338, 171, 279, 334, 0, 5, 0, 0, 133, 64869, 0, 0, 0, 1717668304.5419781
0, 0, 6, 0, 5, 0, 0, 0, 0, 3300, 0, 0, 0, 3749, 0, 346, 252, 447, 70, 344, 255, 0, 0, 0, 65226, 338, 171, 279, 334, 0, 5, 0, 0, 133, 64869, 0, 0, 0, 1717668304.653803
0, 0, 6, 0, 5, 0, 0, 0, 0, 3300, 0, 0, 0, 3797, 0, 346, 252, 439, 70, 338, 250, 0, 0, 0, 65226, 338, 171, 280, 334, 0, 5, 0, 0, 133, 64869, 0, 0, 0, 1717668304.7637079
0, 0, 6, 0, 5, 0, 0, 0, 0, 3300, 0, 0, 0, 3797, 0, 346, 252, 439, 70, 338, 250, 1, 0, 0, 65226, 338, 171, 280, 334, 0, 5, 0, 0, 133, 64869, 14, 0, 0, 1717668304.876841
0, 0, 6, 0, 5, 0, 0, 0, 0, 3300, 0, 0, 0, 3797, 0, 346, 255, 439, 70, 338, 250, 1, 0, 0, 65226, 338, 171, 280, 334, 0, 5, 0, 0, 133, 64869, 14, 0, 0, 1717668304.9876611
0, 0, 6, 0, 5, 0, 0, 0, 0, 3300, 0, 0, 0, 3797, 0, 346, 255, 439, 70, 338, 250, 1, 0, 0, 65226, 338, 171, 280, 334, 0, 5, 0, 0, 133, 64869, 14, 0, 0, 1717668305.0983338
0, 0, 6, 0, 5, 0, 0, 0, 0, 3300, 0, 0, 0, 3846, 0, 346, 255, 439, 70, 338, 250, 1, 0, 0, 65226, 338, 171, 280, 334, 0, 5, 0, 0, 133, 64869, 14, 0, 0, 1717668305.209074
0, 0, 6, 0, 5, 0, 0, 0, 0, 3300, 0, 0, 0, 3846, 0, 346, 255, 439, 70, 338, 250, 1, 0, 0, 65226, 338, 171, 280, 334, 0, 5, 0, 0, 133, 64869, 14, 0, 0, 1717668305.3203468
0, 0, 6, 0, 5, 0, 0, 0, 0, 3300, 0, 0, 0, 3846, 0, 346, 255, 439, 70, 338, 250, 1, 0, 0, 65226, 338, 171, 280, 334, 0, 5, 0, 0, 133, 64869, 14, 0, 0, 1717668305.4317398
0, 0, 6, 0, 5, 0, 0, 0, 0, 3300, 0, 0, 0, 3894, 0, 346, 255, 449, 71, 343, 254, 1, 0, 0, 65226, 338, 171, 279, 336, 0, 5, 0, 0, 133, 64869, 14, 0, 0, 1717668305.542491
0, 0, 6, 0, 5, 0, 0, 0, 0, 3300, 0, 0, 0, 3894, 0, 346, 255, 449, 71, 343, 254, 0, 0, 0, 65226, 338, 171, 279, 336, 0, 5, 0, 0, 133, 64869, 0, 0, 0, 1717668305.6520278
0, 0, 6, 0, 5, 0, 0, 0, 0, 3300, 0, 0, 0, 3894, 0, 346, 255, 449, 71, 343, 254, 0, 0, 0, 65226, 338, 171, 279, 336, 0, 5, 0, 0, 133, 64869, 0, 0, 0, 1717668305.764253
0, 0, 6, 0, 5, 0, 0, 0, 0, 3300, 0, 0, 0, 3894, 0, 346, 255, 449, 71, 343, 254, 0, 0, 0, 65226, 338, 171, 279, 336, 0, 5, 0, 0, 133, 64869, 0, 0, 0, 1717668305.875137
0, 0, 6, 0, 5, 0, 0, 0, 0, 3300, 0, 0, 0, 3894, 0, 346, 255, 449, 71, 343, 254, 0, 0, 0, 65226, 338, 171, 279, 336, 0, 5, 0, 0, 133, 64869, 0, 0, 0, 1717668305.984739
0, 0, 6, 0, 5, 0, 0, 0, 0, 3300, 0, 0, 0, 3946, 0, 347, 257, 440, 70, 338, 247, 0, 0, 0, 65226, 338, 171, 280, 336, 0, 1, 0, 0, 133, 64869, 0, 0, 0, 1717668306.0947468
0, 0, 6, 0, 5, 0, 0, 0, 0, 3300, 0, 0, 0, 3946, 0, 347, 257, 440, 70, 338, 247, 0, 0, 0, 65226, 338, 171, 280, 336, 0, 1, 0, 0, 133, 64869, 0, 0, 0, 1717668306.205611
0, 0, 6, 0, 5, 0, 0, 0, 0, 3300, 0, 0, 0, 3946, 0, 347, 257, 440, 70, 338, 247, 0, 0, 0, 65226, 338, 171, 280, 336, 0, 1, 0, 0, 133, 64869, 0, 0, 0, 1717668306.315876
0, 0, 6, 0, 5, 0, 0, 0, 0, 3300, 0, 0, 0, 3946, 0, 347, 257, 440, 70, 338, 247, 0, 0, 0, 65226, 338, 171, 280, 336, 0, 1, 0, 0, 133, 64869, 0, 0, 0, 1717668306.423318
0, 0, 6, 0, 5, 0, 0, 0, 0, 3300, 0, 0, 0, 3968, 0, 347, 257, 436, 69, 343, 253, 0, 0, 0, 65226, 338, 171, 278, 336, 0, 1, 0, 0, 133, 64869, 0, 0, 0, 1717668306.533469
0, 0, 6, 0, 5, 0, 0, 0, 0, 3300, 0, 0, 0, 3968, 0, 347, 257, 436, 69, 343, 253, 0, 0, 0, 65226, 338, 171, 278, 336, 0, 1, 0, 0, 0, 64869, 0, 0, 0, 1717668306.642873
0, 0, 6, 0, 5, 0, 0, 0, 0, 3300, 0, 0, 0, 3968, 0, 347, 257, 436, 69, 343, 253, 0, 0, 0, 65226, 338, 171, 278, 336, 0, 1, 0, 0, 0, 64869, 0, 0, 0, 1717668306.75249
0, 0, 6, 0, 5, 0, 0, 0, 0, 3300, 0, 0, 0, 3968, 0, 347, 257, 436, 69, 343, 253, 0, 0, 0, 65226, 338, 171, 278, 336, 0, 1, 0, 0, 0, 64869, 0, 0, 0, 1717668306.864109
0, 0, 6, 0, 5, 0, 0, 0, 0, 3300, 0, 0, 0, 3968, 0, 17, 0, 404, 64, 334, 249, 0, 0, 0, 65226, 338, 171, 280, 336, 0, 1, 0, 0, 0, 64869, 0, 0, 0, 1717668306.976651
0, 0, 6, 0, 5, 0, 0, 0, 0, 3300, 0, 0, 0, 3968, 0, 17, 0, 404, 64, 334, 249, 0, 1, 0, 65226, 338, 171, 280, 336, 0, 1, 0, 0, 0, 64869, 0, 7, 0, 1717668307.08564
0, 0, 6, 0, 5, 0, 0, 0, 0, 3300, 0, 0, 0, 3968, 0, 17, 0, 404, 64, 334, 249, 0, 1, 0, 65226, 338, 171, 280, 336, 0, 1, 0, 0, 0, 64869, 0, 7, 0, 1717668307.194439
0, 0, 6, 0, 5, 0, 0, 0, 0, 3300, 0, 0, 0, 3968, 0, 17, 0, 404, 64, 334, 249, 0, 1, 0, 65226, 338, 171, 280, 336, 0, 1, 0, 0, 0, 64869, 0, 7, 0, 1717668307.3044941
