0, 0, 6, 0, 5, 0, 0, 0, 0, 3300, 0, 0, 0, 3769, 0, 119, 9, 219, 34, 340, 249, 0, 0, 1, 65226, 341, 171, 280, 343, 0, 3, 0, 0, 1061, 64869, 0, 0, 80, 1717669313.09041
0, 0, 6, 0, 5, 0, 0, 0, 0, 3300, 0, 0, 0, 3731, 0, 119, 9, 219, 34, 340, 249, 0, 0, 1, 65226, 341, 171, 280, 343, 0, 3, 0, 0, 1061, 64869, 0, 0, 80, 1717669313.201422
0, 0, 6, 0, 5, 0, 0, 0, 0, 3300, 0, 0, 0, 3731, 0, 119, 9, 219, 34, 340, 249, 0, 0, 1, 65226, 341, 171, 280, 343, 0, 3, 0, 0, 1061, 64869, 0, 0, 80, 1717669313.307483
0, 0, 6, 0, 5, 0, 0, 0, 0, 3300, 0, 0, 0, 3731, 0, 120, 9, 219, 34, 340, 249, 0, 0, 1, 65226, 341, 171, 280, 343, 0, 3, 0, 0, 1061, 64869, 0, 0, 80, 1717669313.419141
0, 0, 6, 0, 5, 0, 0, 0, 0, 3300, 0, 0, 0, 3731, 0, 120, 9, 219, 34, 340, 249, 0, 0, 1, 65226, 341, 171, 280, 343, 0, 3, 0, 0, 1061, 64869, 0, 0, 80, 1717669313.52579
0, 0, 6, 0, 5, 0, 0, 0, 0, 3300, 0, 0, 0, 3693, 0, 120, 9, 219, 34, 340, 249, 0, 0, 1, 65226, 341, 171, 280, 343, 0, 3, 0, 0, 1061, 64869, 0, 0, 80, 1717669313.6349819
0, 0, 6, 0, 5, 0, 0, 0, 0, 3300, 0, 0, 0, 3693, 0, 120, 9, 219, 34, 340, 249, 0, 0, 0, 65226, 341, 171, 280, 343, 0, 3, 0, 0, 1061, 64869, 0, 0, 0, 1717669313.74783
0, 0, 6, 0, 5, 0, 0, 0, 0, 3300, 0, 0, 0, 3693, 0, 120, 10, 219, 34, 340, 249, 0, 0, 0, 65226, 341, 171, 280, 343, 0, 3, 0, 0, 1061, 64869, 0, 0, 0, 1717669313.857905
0, 0, 6, 0, 5, 0, 0, 0, 0, 3300, 0, 0, 0, 3693, 0, 120, 10, 219, 34, 340, 249, 0, 0, 0, 65226, 341, 171, 280, 343, 0, 3, 0, 0, 1061, 64869, 0, 0, 0, 1717669313.967542
0, 0, 6, 0, 5, 0, 0, 0, 0, 3300, 0, 0, 0, 3657, 0, 120, 10, 219, 34, 340, 249, 0, 0, 0, 65226, 341, 171, 280, 343, 0, 3, 0, 0, 1061, 64869, 0, 0, 0, 1717669314.079309
0, 0, 6, 0, 5, 0, 0, 0, 0, 3300, 0, 0, 0, 3657, 0, 120, 10, 219, 34, 340, 249, 0, 0, 0, 65226, 341, 171, 280, 343, 0, 3, 0, 0, 1061, 64869, 0, 0, 0, 1717669314.1893709
0, 0, 6, 0, 5, 0, 0, 0, 0, 3300, 0, 0, 0, 3657, 0, 120, 10, 219, 34, 340, 249, 0, 0, 0, 65226, 341, 171, 280, 343, 0, 3, 0, 0, 1061, 64869, 0, 0, 0, 1717669314.300225
0, 0, 6, 0, 5, 0, 0, 0, 0, 3300, 0, 0, 0, 3657, 0, 120, 10, 219, 34, 340, 249, 0, 0, 0, 65226, 341, 171, 280, 343, 0, 3, 0, 0, 1061, 64869, 0, 0, 0, 1717669314.4085271
0, 0, 6, 0, 5, 0, 0, 0, 0, 3300, 0, 0, 0, 3618, 0, 121, 11, 231, 35, 335, 245, 0, 0, 0, 65226, 340, 171, 281, 344, 0, 3, 0, 0, 1061, 64869, 0, 0, 0, 1717669314.521923
0, 0, 6, 0, 5, 0, 0, 0, 0, 3300, 0, 0, 0, 3618, 0, 121, 11, 231, 35, 335, 245, 0, 0, 0, 65226, 340, 171, 281, 344, 0, 3, 0, 0, 1061, 64869, 0, 0, 0, 1717669314.6351879
0, 0, 6, 0, 5, 0, 0, 0, 0, 3300, 0, 0, 0, 3618, 0, 121, 11, 231, 35, 335, 245, 0, 0, 0, 65226, 340, 171, 281, 344, 0, 3, 0, 0, 1061, 64869, 0, 0, 0, 1717669314.745705
0, 0, 6, 0, 5, 0, 0, 0, 0, 3300, 0, 0, 0, 3618, 0, 121, 11, 231, 35, 335, 245, 0, 0, 0, 65226, 340, 171, 281, 344, 0, 3, 0, 0, 1061, 64869, 0, 0, 0, 1717669314.8573382
0, 0, 6, 0, 5, 0, 0, 0, 0, 3300, 0, 0, 0, 3580, 0, 117, 11, 231, 35, 335, 245, 0, 0, 0, 65226, 340, 171, 281, 344, 0, 3, 0, 0, 1061, 64869, 0, 0, 0, 1717669314.970567
0, 0, 6, 0, 5, 0, 0, 0, 0, 3300, 0, 0, 0, 3580, 0, 117, 11, 231, 35, 335, 245, 0, 0, 0, 65226, 340, 171, 281, 344, 0, 3, 0, 0, 1061, 64869, 0, 0, 0, 1717669315.0836601
0, 0, 6, 0, 5, 0, 0, 0, 0, 3300, 0, 0, 0, 3580, 0, 117, 11, 231, 35, 335, 245, 0, 0, 0, 65226, 340, 171, 281, 344, 0, 3, 0, 0, 1061, 64869, 0, 0, 0, 1717669315.195186
0, 0, 6, 0, 5, 0, 0, 0, 0, 3300, 0, 0, 0, 3580, 0, 117, 11, 231, 35, 335, 245, 0, 0, 0, 65226, 340, 171, 281, 344, 0, 3, 0, 0, 1061, 64869, 0, 0, 0, 1717669315.303404
0, 0, 6, 0, 5, 0, 0, 0, 0, 3300, 0, 0, 0, 3543, 0, 121, 11, 231, 35, 335, 245, 0, 0, 0, 65226, 340, 171, 281, 344, 0, 3, 0, 0, 1061, 64869, 0, 0, 0, 1717669315.423226
0, 0, 6, 0, 5, 0, 0, 0, 0, 3300, 0, 0, 0, 3543, 0, 121, 11, 231, 35, 335, 245, 0, 0, 0, 65226, 340, 171, 281, 344, 0, 3, 0, 0, 1061, 64869, 0, 0, 0, 1717669315.534112
0, 0, 6, 0, 5, 0, 0, 0, 0, 3300, 0, 0, 0, 3543, 0, 121, 11, 231, 35, 335, 245, 0, 0, 0, 65226, 340, 171, 281, 344, 0, 3, 0, 0, 1061, 64869, 0, 0, 0, 1717669315.64723
0, 0, 6, 0, 5, 0, 0, 0, 0, 3300, 0, 0, 0, 3543, 0, 121, 11, 231, 35, 335, 245, 0, 0, 0, 65226, 340, 171, 281, 344, 0, 3, 0, 0, 1061, 64869, 0, 0, 0, 1717669315.7595031
0, 0, 6, 0, 5, 0, 0, 0, 0, 3300, 0, 0, 0, 3504, 0, 122, 11, 231, 35, 335, 245, 0, 0, 0, 65226, 340, 171, 281, 344, 0, 3, 0, 0, 1061, 64869, 0, 0, 0, 1717669315.871438
0, 0, 6, 0, 5, 0, 0, 0, 0, 3300, 0, 0, 0, 3504, 0, 122, 11, 231, 35, 335, 245, 0, 0, 0, 65226, 340, 171, 281, 344, 0, 3, 0, 0, 1061, 64869, 0, 0, 0, 1717669315.985128
0, 0, 6, 0, 5, 0, 0, 0, 0, 3300, 0, 0, 0, 3504, 0, 122, 11, 231, 35, 335, 245, 0, 0, 0, 65226, 340, 171, 281, 344, 0, 3, 0, 0, 1061, 64869, 0, 0, 0, 1717669316.096065
0, 0, 6, 0, 5, 0, 0, 0, 0, 3300, 0, 0, 0, 3504, 0, 122, 11, 231, 35, 335, 245, 0, 0, 0, 65226, 340, 171, 281, 344, 0, 3, 0, 0, 1061, 64869, 0, 0, 0, 1717669316.204839
0, 0, 6, 0, 5, 0, 0, 0, 0, 3300, 0, 0, 0, 3466, 0, 122, 11, 241, 37, 340, 247, 0, 0, 0, 65226, 341, 171, 280, 343, 0, 3, 0, 0, 1061, 64869, 0, 0, 0, 1717669316.315063
0, 0, 6, 0, 5, 0, 0, 0, 0, 3300, 0, 0, 0, 3466, 0, 122, 11, 241, 37, 340, 247, 0, 0, 0, 65226, 341, 171, 280, 343, 0, 3, 0, 0, 1061, 64869, 0, 0, 0, 1717669316.4245062
0, 0, 6, 0, 5, 0, 0, 0, 0, 3300, 0, 0, 0, 3466, 0, 120, 11, 241, 37, 340, 247, 0, 0, 0, 65226, 341, 171, 280, 343, 0, 3, 0, 0, 1061, 64869, 0, 0, 0, 1717669316.5399349
0, 0, 6, 0, 5, 0, 0, 0, 0, 3300, 0, 0, 0, 3466, 0, 120, 11, 241, 37, 340, 247, 0, 0, 0, 65226, 341, 171, 280, 343, 0, 3, 0, 0, 1061, 64869, 0, 0, 0, 1717669316.651906
0, 0, 6, 0, 5, 0, 0, 0, 0, 3300, 0, 0, 0, 3427, 0, 120, 11, 241, 37, 340, 247, 0, 0, 0, 65226, 341, 171, 280, 343, 0, 3, 0, 0, 1061, 64869, 0, 0, 0, 1717669316.762109
0, 0, 6, 0, 5, 0, 0, 0, 0, 3300, 0, 0, 0, 3427, 0, 120, 11, 241, 37, 340, 247, 0, 0, 0, 65226, 341, 171, 280, 343, 0, 3, 0, 0, 1061, 64869, 0, 0, 0, 1717669316.8758368
0, 0, 6, 0, 5, 0, 0, 0, 0, 3300, 0, 0, 0, 3427, 0, 120, 11, 241, 37, 340, 247, 0, 0, 0, 65226, 341, 171, 280, 343, 0, 3, 0, 0, 1061, 64869, 0, 0, 0, 1717669316.987246
0, 0, 6, 0, 5, 0, 0, 0, 0, 3300, 0, 0, 0, 3427, 0, 123, 11, 241, 37, 340, 247, 0, 0, 0, 65226, 341, 171, 280, 343, 0, 3, 0, 0, 1061, 64869, 0, 0, 0, 1717669317.100336
0, 0, 6, 0, 5, 0, 0, 0, 0, 3300, 0, 0, 0, 3387, 0, 123, 11, 241, 37, 340, 247, 0, 0, 0, 0, 341, 171, 280, 343, 0, 3, 0, 0, 1061, 64869, 0, 0, 0, 1717669317.214443
0, 0, 6, 0, 5, 0, 0, 0, 0, 3300, 0, 0, 0, 3387, 0, 123, 11, 241, 37, 340, 247, 0, 0, 0, 0, 341, 171, 280, 343, 0, 3, 0, 0, 1061, 64869, 0, 0, 0, 1717669317.323908
0, 0, 6, 0, 5, 0, 0, 0, 0, 3300, 0, 0, 0, 3387, 0, 123, 11, 241, 37, 340, 247, 0, 0, 0, 0, 341, 171, 280, 343, 0, 3, 0, 0, 1061, 64869, 0, 0, 0, 1717669317.434741
0, 0, 6, 0, 5, 0, 0, 0, 0, 3300, 0, 0, 0, 3387, 0, 123, 11, 241, 37, 340, 247, 0, 0, 0, 0, 341, 171, 280, 343, 0, 3, 0, 0, 1061, 64869, 0, 0, 0, 1717669317.5451121
0, 0, 6, 0, 5, 0, 0, 0, 0, 3300, 0, 0, 0, 3362, 0, 123, 11, 241, 37, 340, 247, 0, 0, 0, 0, 341, 171, 280, 343, 0, 3, 0, 0, 1061, 64869, 0, 0, 0, 1717669317.656588
0, 0, 6, 0, 5, 0, 0, 0, 0, 3300, 0, 0, 0, 3362, 0, 123, 11, 241, 37, 340, 247, 0, 0, 0, 0, 341, 171, 280, 343, 0, 3, 0, 0, 1061, 64869, 0, 0, 0, 1717669317.7634618
0, 0, 6, 0, 5, 0, 0, 0, 0, 3300, 0, 0, 0, 3362, 0, 123, 11, 241, 37, 340, 247, 0, 0, 0, 0, 341, 171, 280, 343, 0, 3, 0, 0, 1061, 64869, 0, 0, 0, 1717669317.8798609
0, 0, 6, 0, 5, 0, 0, 0, 0, 3300, 0, 0, 0, 3362, 0, 123, 11, 241, 37, 340, 247, 0, 0, 0, 0, 341, 171, 280, 343, 0, 3, 0, 0, 1061, 64869, 0, 0, 0, 1717669317.9926772
0, 0, 6, 0, 5, 0, 0, 0, 0, 3300, 0, 0, 0, 3359, 0, 122, 11, 214, 34, 346, 255, 0, 0, 0, 0, 341, 170, 279, 343, 0, 3, 0, 0, 1061, 64869, 0, 0, 0, 1717669318.104214
0, 0, 6, 0, 5, 0, 0, 0, 0, 3300, 0, 0, 0, 3359, 0, 122, 11, 214, 34, 346, 255, 0, 0, 0, 0, 341, 170, 279, 343, 0, 3, 0, 0, 1061, 64869, 0, 0, 0, 1717669318.212536
0, 0, 6, 0, 5, 0, 0, 0, 0, 3300, 0, 0, 0, 3359, 0, 122, 11, 222, 33, 346, 255, 0, 0, 0, 0, 341, 170, 279, 343, 0, 3, 0, 0, 1061, 64869, 0, 0, 0, 1717669318.324586
0, 0, 6, 0, 5, 0, 0, 0, 0, 3300, 0, 0, 0, 3359, 0, 122, 11, 222, 33, 346, 255, 0, 0, 0, 0, 341, 170, 279, 343, 0, 3, 0, 0, 1061, 64869, 0, 0, 0, 1717669318.43292
0, 0, 6, 0, 5, 0, 0, 0, 0, 3300, 0, 0, 0, 3359, 0, 122, 11, 222, 33, 346, 255, 0, 0, 0, 0, 341, 170, 279, 343, 0, 3, 0, 0, 1061, 64869, 0, 0, 0, 1717669318.5449018
0, 0, 6, 0, 5, 0, 0, 0, 0, 3300, 0, 0, 0, 3356, 0, 120, 11, 222, 33, 346, 255, 0, 0, 0, 0, 341, 170, 279, 343, 0, 3, 0, 0, 1061, 64869, 0, 0, 0, 1717669318.6565812
0, 0, 6, 0, 5, 0, 0, 0, 0, 3300, 0, 0, 0, 3356, 0, 120, 11, 222, 33, 346, 255, 0, 0, 0, 0, 341, 170, 279, 343, 0, 3, 0, 0, 1061, 64869, 0, 0, 0, 1717669318.767147
0, 0, 6, 0, 5, 0, 0, 0, 0, 3300, 0, 0, 0, 3356, 0, 120, 11, 222, 33, 346, 255, 0, 0, 0, 0, 341, 170, 279, 343, 0, 3, 0, 0, 1061, 64869, 0, 0, 0, 1717669318.8780181
0, 0, 6, 0, 5, 0, 0, 0, 0, 3300, 0, 0, 0, 3356, 0, 120, 11, 222, 33, 346, 255, 0, 0, 0, 0, 341, 170, 279, 343, 0, 3, 0, 0, 1061, 64869, 0, 0, 0, 1717669318.988683
0, 0, 6, 0, 5, 0, 0, 0, 0, 3300, 0, 0, 0, 3353, 0, 121, 11, 222, 33, 346, 255, 0, 0, 0, 0, 341, 170, 279, 343, 0, 3, 0, 0, 1061, 64869, 0, 0, 0, 1717669319.098664
0, 0, 6, 0, 5, 0, 0, 0, 0, 3300, 0, 0, 0, 3353, 0, 121, 11, 222, 33, 346, 255, 0, 0, 0, 0, 341, 170, 279, 343, 0, 3, 0, 0, 1061, 64869, 0, 0, 0, 1717669319.216126
0, 0, 6, 0, 5, 0, 0, 0, 0, 3300, 0, 0, 0, 3353, 0, 121, 11, 222, 33, 346, 255, 0, 0, 0, 0, 341, 170, 279, 343, 0, 3, 0, 0, 1061, 64869, 0, 0, 0, 1717669319.324727
0, 0, 6, 0, 5, 0, 0, 0, 0, 3300, 0, 0, 0, 3353, 0, 121, 11, 222, 33, 346, 255, 0, 0, 0, 0, 341, 170, 279, 343, 0, 3, 0, 0, 1061, 64869, 0, 0, 0, 1717669319.4380631
0, 0, 6, 0, 5, 0, 0, 0, 0, 3300, 0, 0, 0, 3353, 0, 121, 11, 222, 33, 346, 255, 0, 0, 0, 0, 341, 170, 279, 343, 0, 3, 0, 0, 1061, 64869, 0, 0, 0, 1717669319.555635
0, 0, 6, 0, 5, 0, 0, 0, 0, 3300, 0, 0, 0, 3350, 0, 120, 11, 222, 33, 346, 255, 0, 0, 0, 0, 341, 170, 279, 343, 0, 3, 0, 0, 1061, 64869, 0, 0, 0, 1717669319.6664262
0, 0, 6, 0, 5, 0, 0, 0, 0, 3300, 0, 0, 0, 3350, 0, 120, 11, 222, 33, 346, 255, 0, 0, 0, 0, 341, 170, 279, 343, 0, 3, 0, 0, 1061, 64869, 0, 0, 0, 1717669319.777581
0, 0, 6, 0, 5, 0, 0, 0, 0, 3300, 0, 0, 0, 3350, 0, 120, 11, 222, 33, 346, 255, 0, 0, 0, 0, 341, 170, 279, 343, 0, 3, 0, 0, 1061, 64869, 0, 0, 0, 1717669319.88465
0, 0, 6, 0, 5, 0, 0, 0, 0, 3300, 0, 0, 0, 3350, 0, 120, 11, 222, 33, 346, 255, 0, 0, 0, 0, 341, 170, 279, 343, 0, 3, 0, 0, 1061, 64869, 0, 0, 0, 1717669319.995662
0, 0, 6, 0, 5, 0, 0, 0, 0, 3300, 0, 0, 0, 3347, 0, 119, 11, 222, 33, 346, 255, 0, 0, 0, 0, 341, 170, 279, 343, 0, 3, 0, 0, 1075, 64869, 0, 0, 0, 1717669320.113394
0, 0, 6, 0, 5, 0, 0, 0, 0, 3300, 0, 0, 0, 3347, 0, 119, 11, 222, 33, 346, 255, 0, 0, 0, 0, 341, 170, 279, 343, 0, 3, 0, 0, 1075, 64869, 0, 0, 0, 1717669320.2225971
0, 0, 6, 0, 5, 0, 0, 0, 0, 3300, 0, 0, 0, 3347, 0, 119, 11, 222, 33, 346, 255, 0, 0, 0, 0, 341, 170, 279, 343, 0, 3, 0, 0, 1075, 64869, 0, 0, 0, 1717669320.334283
0, 0, 6, 0, 5, 0, 0, 0, 0, 3300, 0, 0, 0, 3347, 0, 119, 11, 222, 33, 346, 255, 0, 0, 0, 0, 341, 170, 279, 343, 0, 3, 0, 0, 1075, 64869, 0, 0, 0, 1717669320.443788
0, 0, 6, 0, 5, 0, 0, 0, 0, 3300, 0, 0, 0, 3347, 0, 119, 11, 222, 33, 346, 255, 0, 0, 0, 0, 341, 170, 279, 343, 0, 3, 0, 0, 1075, 64869, 0, 0, 0, 1717669320.562367
0, 0, 6, 0, 5, 0, 0, 0, 0, 3300, 0, 0, 0, 3344, 0, 120, 11, 222, 33, 346, 255, 0, 0, 0, 0, 341, 170, 279, 343, 0, 3, 0, 0, 1075, 64869, 0, 0, 0, 1717669320.668732
0, 0, 6, 0, 5, 0, 0, 0, 0, 3300, 0, 0, 0, 3344, 0, 120, 11, 222, 33, 346, 255, 0, 0, 0, 0, 341, 170, 279, 343, 0, 3, 0, 0, 1075, 64869, 0, 0, 0, 1717669320.779961
0, 0, 6, 0, 5, 0, 0, 0, 0, 3300, 0, 0, 0, 3344, 0, 120, 11, 222, 33, 346, 255, 0, 0, 0, 0, 341, 170, 279, 343, 0, 3, 0, 0, 1075, 64869, 0, 0, 0, 1717669320.890154
0, 0, 6, 0, 5, 0, 0, 0, 0, 3300, 0, 0, 0, 3344, 0, 120, 11, 222, 33, 346, 255, 0, 0, 0, 0, 341, 170, 279, 343, 0, 3, 0, 0, 1075, 64869, 0, 0, 0, 1717669321.0112681
0, 0, 6, 0, 5, 0, 0, 0, 0, 3300, 0, 0, 0, 3340, 0, 117, 11, 222, 33, 346, 255, 0, 0, 0, 0, 341, 170, 279, 343, 0, 3, 0, 0, 1075, 64869, 0, 0, 0, 1717669321.124374
0, 0, 6, 0, 5, 0, 0, 0, 0, 3300, 0, 0, 0, 3340, 0, 117, 11, 222, 33, 346, 255, 0, 0, 0, 0, 341, 170, 279, 343, 0, 3, 0, 0, 1075, 64869, 0, 0, 0, 1717669321.2353668
0, 0, 6, 0, 5, 0, 0, 0, 0, 3300, 0, 0, 0, 3340, 0, 117, 11, 222, 33, 346, 255, 0, 0, 0, 0, 341, 170, 279, 343, 0, 3, 0, 0, 1075, 64869, 0, 0, 0, 1717669321.3531818
0, 0, 6, 0, 5, 0, 0, 0, 0, 3300, 0, 0, 0, 3340, 0, 117, 11, 222, 33, 346, 255, 0, 0, 0, 0, 341, 170, 279, 343, 0, 3, 0, 0, 1075, 64869, 0, 0, 0, 1717669321.46276
0, 0, 6, 0, 5, 0, 0, 0, 0, 3300, 0, 0, 0, 3337, 0, 117, 11, 222, 33, 346, 255, 0, 0, 0, 0, 341, 170, 279, 343, 0, 3, 0, 0, 1075, 64869, 0, 0, 0, 1717669321.573102
0, 0, 6, 0, 5, 0, 0, 0, 0, 3300, 0, 0, 0, 3337, 0, 117, 11, 222, 33, 346, 255, 0, 0, 0, 0, 341, 170, 279, 343, 0, 3, 0, 0, 1075, 64869, 0, 0, 0, 1717669321.6862988
0, 0, 6, 0, 5, 0, 0, 0, 0, 3300, 0, 0, 0, 3337, 0, 117, 11, 222, 33, 346, 255, 0, 0, 0, 0, 341, 170, 279, 343, 0, 3, 0, 0, 1075, 64869, 0, 0, 0, 1717669321.797013
0, 0, 6, 0, 5, 0, 0, 0, 0, 3300, 0, 0, 0, 3337, 0, 117, 11, 206, 32, 343, 253, 0, 0, 0, 0, 341, 170, 280, 342, 0, 3, 0, 0, 1075, 64869, 0, 0, 0, 1717669321.907073
0, 0, 6, 0, 5, 0, 0, 0, 0, 3300, 0, 0, 0, 3334, 0, 117, 11, 206, 32, 343, 253, 0, 0, 0, 0, 341, 170, 280, 342, 0, 3, 0, 0, 1075, 64869, 0, 0, 0, 1717669322.014526
0, 0, 6, 0, 5, 0, 0, 0, 0, 3300, 0, 0, 0, 3334, 0, 117, 11, 206, 32, 343, 253, 0, 0, 0, 0, 341, 170, 280, 342, 0, 3, 0, 0, 1075, 64869, 0, 0, 0, 1717669322.1257632
0, 0, 6, 0, 5, 0, 0, 0, 0, 3300, 0, 0, 0, 3334, 0, 120, 11, 206, 32, 343, 253, 0, 0, 0, 0, 341, 170, 280, 342, 0, 3, 0, 0, 1075, 64869, 0, 0, 0, 1717669322.236474
0, 0, 6, 0, 5, 0, 0, 0, 0, 3300, 0, 0, 0, 3331, 0, 120, 11, 206, 32, 343, 253, 0, 0, 0, 0, 341, 170, 280, 342, 0, 3, 0, 0, 1075, 64869, 0, 0, 0, 1717669322.35068
0, 0, 6, 0, 5, 0, 0, 0, 0, 3300, 0, 0, 0, 3331, 0, 120, 11, 206, 32, 343, 253, 0, 0, 0, 0, 341, 170, 280, 342, 0, 3, 0, 0, 1075, 64869, 0, 0, 0, 1717669322.457928
0, 0, 6, 0, 5, 0, 0, 0, 0, 3300, 0, 0, 0, 3331, 0, 119, 11, 206, 32, 343, 253, 0, 0, 0, 0, 341, 170, 280, 342, 0, 3, 0, 0, 1075, 64869, 0, 0, 0, 1717669322.573132
0, 0, 6, 0, 5, 0, 0, 0, 0, 3300, 0, 0, 0, 3331, 0, 119, 11, 206, 32, 343, 253, 0, 0, 0, 0, 341, 170, 280, 342, 0, 3, 0, 0, 1075, 64869, 0, 0, 0, 1717669322.6824949
0, 0, 6, 0, 5, 0, 0, 0, 0, 3300, 0, 0, 0, 3328, 0, 119, 11, 206, 32, 343, 253, 0, 0, 0, 0, 341, 170, 280, 342, 0, 3, 0, 0, 1075, 64869, 0, 0, 0, 1717669322.799
0, 0, 6, 0, 5, 0, 0, 0, 0, 3300, 0, 0, 0, 3328, 0, 119, 11, 206, 32, 343, 253, 0, 0, 0, 0, 341, 170, 280, 342, 0, 3, 0, 0, 1075, 64869, 0, 0, 0, 1717669322.910202
0, 0, 6, 0, 5, 0, 0, 0, 0, 3300, 0, 0, 0, 3328, 0, 119, 11, 206, 32, 343, 253, 0, 0, 0, 0, 341, 170, 280, 342, 0, 3, 0, 0, 1075, 64869, 0, 0, 0, 1717669323.019685
0, 0, 6, 0, 5, 0, 0, 0, 0, 3300, 0, 0, 0, 3328, 0, 119, 11, 206, 32, 343, 253, 0, 0, 0, 0, 341, 170, 280, 342, 0, 3, 0, 0, 1075, 64869, 0, 0, 0, 1717669323.13231
0, 0, 6, 0, 5, 0, 0, 0, 0, 3300, 0, 0, 0, 3328, 0, 120, 11, 213, 33, 340, 251, 0, 0, 0, 0, 341, 170, 280, 343, 0, 3, 0, 0, 1075, 64869, 0, 0, 0, 1717669323.24235
0, 0, 6, 0, 5, 0, 0, 0, 0, 3300, 0, 0, 0, 3325, 0, 120, 11, 213, 33, 340, 251, 0, 0, 0, 0, 341, 170, 280, 343, 0, 3, 0, 0, 1075, 64869, 0, 0, 0, 1717669323.352287
0, 0, 6, 0, 5, 0, 0, 0, 0, 3300, 0, 0, 0, 3325, 0, 120, 11, 207, 32, 340, 251, 0, 0, 0, 0, 341, 170, 280, 343, 0, 3, 0, 0, 1075, 64869, 0, 0, 0, 1717669323.463737
0, 0, 6, 0, 5, 0, 0, 0, 0, 3300, 0, 0, 0, 3325, 0, 120, 11, 207, 32, 340, 251, 0, 0, 0, 0, 341, 170, 280, 343, 0, 3, 0, 0, 1075, 64869, 0, 0, 0, 1717669323.573214
0, 0, 6, 0, 5, 0, 0, 0, 0, 3300, 0, 0, 0, 3325, 0, 120, 11, 207, 32, 340, 251, 0, 0, 0, 0, 341, 170, 280, 343, 0, 3, 0, 0, 1075, 64869, 0, 0, 0, 1717669323.683258
0, 0, 6, 0, 5, 0, 0, 0, 0, 3300, 0, 0, 0, 3322, 0, 120, 11, 207, 32, 340, 251, 0, 0, 0, 0, 341, 170, 280, 343, 0, 3, 0, 0, 1075, 64869, 0, 0, 0, 1717669323.794987
0, 0, 6, 0, 5, 0, 0, 0, 0, 3300, 0, 0, 0, 3322, 0, 120, 11, 207, 32, 340, 251, 0, 0, 0, 0, 341, 170, 280, 343, 0, 3, 0, 0, 1075, 64869, 0, 0, 0, 1717669323.905809
0, 0, 6, 0, 5, 0, 0, 0, 0, 3300, 0, 0, 0, 3322, 0, 120, 11, 207, 32, 340, 251, 0, 0, 0, 0, 341, 170, 280, 343, 0, 3, 0, 0, 1075, 64869, 0, 0, 0, 1717669324.017199
0, 0, 6, 0, 5, 0, 0, 0, 0, 3300, 0, 0, 0, 3322, 0, 120, 11, 207, 32, 340, 251, 0, 0, 0, 0, 341, 170, 280, 343, 0, 3, 0, 0, 1075, 64869, 0, 0, 0, 1717669324.1302028
0, 0, 6, 0, 5, 0, 0, 0, 0, 3300, 0, 0, 0, 3319, 0, 120, 11, 207, 32, 340, 251, 0, 0, 0, 0, 341, 170, 280, 343, 0, 3, 0, 0, 1075, 64869, 0, 0, 0, 1717669324.2406669
0, 0, 6, 0, 5, 0, 0, 0, 0, 3300, 0, 0, 0, 3319, 0, 120, 11, 207, 32, 340, 251, 0, 0, 0, 0, 341, 170, 280, 343, 0, 3, 0, 0, 1075, 64869, 0, 0, 0, 1717669324.3540869
0, 0, 6, 0, 5, 0, 0, 0, 0, 3300, 0, 0, 0, 3319, 0, 120, 11, 207, 32, 340, 251, 0, 0, 0, 0, 341, 170, 280, 343, 0, 3, 0, 0, 1075, 64869, 0, 0, 0, 1717669324.464431
0, 0, 6, 0, 5, 0, 0, 0, 0, 3300, 0, 0, 0, 3319, 0, 120, 11, 207, 32, 340, 251, 0, 0, 0, 0, 341, 170, 280, 343, 0, 3, 0, 0, 1089, 64869, 0, 0, 0, 1717669324.579191
0, 0, 6, 0, 5, 0, 0, 0, 0, 3300, 0, 0, 0, 3316, 0, 117, 11, 207, 32, 340, 251, 0, 0, 0, 0, 341, 170, 280, 343, 0, 3, 0, 0, 1089, 64869, 0, 0, 0, 1717669324.690141
0, 0, 6, 0, 5, 0, 0, 0, 0, 3300, 0, 0, 0, 3316, 0, 117, 11, 207, 32, 340, 251, 0, 0, 0, 0, 341, 170, 280, 343, 0, 3, 0, 0, 1089, 64869, 0, 0, 0, 1717669324.801854
0, 0, 6, 0, 5, 0, 0, 0, 0, 3300, 0, 0, 0, 3316, 0, 117, 11, 207, 32, 340, 251, 0, 0, 0, 0, 341, 170, 280, 343, 0, 3, 0, 0, 1089, 64869, 0, 0, 0, 1717669324.914349
0, 0, 6, 0, 5, 0, 0, 0, 0, 3300, 0, 0, 0, 3316, 0, 117, 11, 207, 32, 340, 251, 0, 0, 0, 0, 341, 170, 280, 343, 0, 3, 0, 0, 1089, 64869, 0, 0, 0, 1717669325.025443
0, 0, 6, 0, 5, 0, 0, 0, 0, 3300, 0, 0, 0, 3313, 0, 115, 11, 207, 32, 340, 251, 0, 0, 0, 0, 341, 170, 280, 343, 0, 3, 0, 0, 1089, 64869, 0, 0, 0, 1717669325.135767
0, 0, 6, 0, 5, 0, 0, 0, 0, 3300, 0, 0, 0, 3313, 0, 115, 11, 207, 32, 340, 251, 0, 0, 0, 0, 341, 170, 280, 343, 0, 3, 0, 0, 1089, 64869, 0, 0, 0, 1717669325.249248
0, 0, 6, 0, 5, 0, 0, 0, 0, 3300, 0, 0, 0, 3313, 0, 115, 11, 207, 32, 340, 251, 0, 0, 0, 0, 341, 170, 280, 343, 0, 3, 0, 0, 1089, 64869, 0, 0, 0, 1717669325.3632371
0, 0, 6, 0, 5, 0, 0, 0, 0, 3300, 0, 0, 0, 3313, 0, 115, 11, 207, 32, 340, 251, 0, 0, 0, 0, 341, 170, 280, 343, 0, 3, 0, 0, 1089, 64869, 0, 0, 0, 1717669325.473299
0, 0, 6, 0, 5, 0, 0, 0, 0, 3300, 0, 0, 0, 3310, 0, 115, 11, 198, 32, 346, 255, 0, 0, 0, 0, 341, 171, 279, 343, 0, 3, 0, 0, 1089, 64852, 0, 0, 0, 1717669325.583484
0, 0, 6, 0, 5, 0, 0, 0, 0, 3300, 0, 0, 0, 3310, 0, 115, 11, 198, 32, 346, 255, 0, 0, 0, 0, 341, 171, 279, 343, 0, 3, 0, 0, 1089, 64852, 0, 0, 0, 1717669325.695829
0, 0, 6, 0, 5, 0, 0, 0, 0, 3300, 0, 0, 0, 3310, 0, 116, 11, 202, 33, 346, 255, 1, 0, 0, 0, 341, 171, 279, 343, 0, 3, 0, 0, 1089, 64852, 20, 0, 0, 1717669325.80794
0, 0, 6, 0, 5, 0, 0, 0, 0, 3300, 0, 0, 0, 3310, 0, 116, 11, 202, 33, 346, 255, 1, 0, 0, 0, 341, 171, 279, 343, 0, 3, 0, 0, 1089, 64852, 20, 0, 0, 1717669325.92006
0, 0, 6, 0, 5, 0, 0, 0, 0, 3300, 0, 0, 0, 3307, 0, 116, 11, 202, 33, 346, 255, 1, 0, 0, 0, 341, 171, 279, 343, 0, 3, 0, 0, 1089, 64852, 20, 0, 0, 1717669326.031422
0, 0, 6, 0, 5, 0, 0, 0, 0, 3300, 0, 0, 0, 3307, 0, 116, 11, 202, 33, 346, 255, 1, 0, 0, 0, 341, 171, 279, 343, 0, 3, 0, 0, 1089, 64852, 20, 0, 0, 1717669326.1464078
0, 0, 6, 0, 5, 0, 0, 0, 0, 3300, 0, 0, 0, 3307, 0, 118, 11, 202, 33, 346, 255, 1, 0, 0, 0, 341, 171, 279, 343, 0, 3, 0, 0, 1089, 64852, 20, 0, 0, 1717669326.25774
0, 0, 6, 0, 5, 0, 0, 0, 0, 3300, 0, 0, 0, 3307, 0, 118, 11, 202, 33, 346, 255, 1, 0, 0, 0, 341, 171, 279, 343, 0, 3, 0, 0, 1089, 64852, 20, 0, 0, 1717669326.371181
0, 0, 6, 0, 5, 0, 0, 0, 0, 3300, 0, 0, 0, 3304, 0, 118, 11, 202, 33, 346, 255, 1, 0, 0, 0, 341, 171, 279, 343, 0, 3, 0, 0, 1089, 64852, 20, 0, 0, 1717669326.4809809
0, 0, 6, 0, 5, 0, 0, 0, 0, 3300, 0, 0, 0, 3304, 0, 118, 11, 202, 33, 346, 255, 1, 0, 0, 0, 341, 171, 279, 343, 0, 3, 0, 0, 1089, 64852, 20, 0, 0, 1717669326.593264
0, 0, 6, 0, 5, 0, 0, 0, 0, 3300, 0, 0, 0, 3304, 0, 119, 11, 202, 33, 346, 255, 0, 0, 0, 0, 341, 171, 279, 343, 0, 3, 0, 0, 1089, 64852, 0, 0, 0, 1717669326.704128
0, 0, 6, 0, 5, 0, 0, 0, 0, 3300, 0, 0, 0, 3304, 0, 119, 11, 202, 33, 346, 255, 0, 0, 0, 0, 341, 171, 279, 343, 0, 3, 0, 0, 1089, 64852, 0, 0, 0, 1717669326.815091
0, 0, 6, 0, 5, 0, 0, 0, 0, 3300, 0, 0, 0, 3301, 0, 119, 11, 202, 33, 346, 255, 0, 0, 0, 0, 341, 171, 279, 343, 0, 3, 0, 0, 1089, 64852, 0, 0, 0, 1717669326.92764
0, 0, 6, 0, 5, 0, 0, 0, 0, 3300, 0, 0, 0, 3301, 0, 119, 11, 202, 33, 346, 255, 0, 0, 0, 0, 341, 171, 279, 343, 0, 3, 0, 0, 1089, 64852, 0, 0, 0, 1717669327.0440378
0, 0, 6, 0, 5, 0, 0, 0, 0, 3300, 0, 0, 0, 3301, 0, 119, 11, 202, 33, 346, 255, 0, 0, 0, 0, 341, 171, 279, 343, 0, 3, 0, 0, 1089, 64852, 0, 0, 0, 1717669327.1571898
0, 0, 6, 0, 5, 0, 0, 0, 0, 3300, 0, 0, 0, 3301, 0, 119, 11, 202, 33, 346, 255, 0, 0, 0, 0, 341, 171, 279, 343, 0, 3, 0, 0, 1089, 64852, 0, 0, 0, 1717669327.269969
0, 0, 6, 0, 5, 0, 0, 0, 0, 3300, 0, 0, 0, 3298, 0, 117, 11, 194, 31, 336, 249, 0, 0, 0, 0, 340, 171, 280, 343, 0, 3, 0, 0, 1089, 64852, 0, 0, 0, 1717669327.3829272
0, 0, 6, 0, 5, 0, 0, 0, 0, 3300, 0, 0, 0, 3298, 0, 117, 11, 194, 31, 336, 249, 0, 0, 0, 0, 340, 171, 280, 343, 0, 3, 0, 0, 1089, 64852, 0, 0, 0, 1717669327.490147
0, 0, 6, 0, 5, 0, 0, 0, 0, 3300, 0, 0, 0, 3298, 0, 117, 11, 194, 31, 336, 249, 0, 0, 0, 0, 340, 171, 280, 343, 0, 3, 0, 0, 1089, 64852, 0, 0, 0, 1717669327.6003919
0, 0, 6, 0, 5, 0, 0, 0, 0, 3300, 0, 0, 0, 3298, 0, 117, 11, 194, 31, 336, 249, 0, 0, 0, 0, 340, 171, 280, 343, 0, 3, 0, 0, 1089, 64852, 0, 0, 0, 1717669327.710324
0, 0, 6, 0, 5, 0, 0, 0, 0, 3300, 0, 0, 0, 3298, 0, 118, 12, 194, 31, 336, 249, 0, 0, 0, 0, 340, 171, 280, 343, 0, 3, 0, 0, 1089, 64852, 0, 0, 0, 1717669327.820523
0, 0, 6, 0, 5, 0, 0, 0, 0, 3300, 0, 0, 0, 3298, 0, 118, 12, 194, 31, 336, 249, 0, 0, 0, 0, 340, 171, 280, 343, 0, 3, 0, 0, 1089, 64852, 0, 0, 0, 1717669327.933534
0, 0, 6, 0, 5, 0, 0, 0, 0, 3300, 0, 0, 0, 3298, 0, 118, 12, 194, 31, 336, 249, 0, 0, 0, 0, 340, 171, 280, 343, 0, 3, 0, 0, 1089, 64852, 0, 0, 0, 1717669328.0449688
0, 0, 6, 0, 5, 0, 0, 0, 0, 3300, 0, 0, 0, 3295, 0, 118, 12, 194, 31, 336, 249, 0, 0, 0, 0, 340, 171, 280, 343, 0, 3, 0, 0, 1089, 64852, 0, 0, 0, 1717669328.156369
0, 0, 6, 0, 5, 0, 0, 0, 0, 3300, 0, 0, 0, 3295, 0, 118, 12, 194, 31, 336, 249, 0, 0, 0, 0, 340, 171, 280, 343, 0, 3, 0, 0, 1089, 64852, 0, 0, 0, 1717669328.2666261
0, 0, 6, 0, 5, 0, 0, 0, 0, 3300, 0, 0, 0, 3292, 0, 118, 11, 194, 31, 336, 249, 0, 0, 0, 0, 340, 171, 280, 343, 0, 3, 0, 0, 1089, 64852, 0, 0, 0, 1717669328.378478
0, 0, 6, 0, 5, 0, 0, 0, 0, 3300, 0, 0, 0, 3292, 0, 118, 11, 194, 31, 336, 249, 0, 0, 0, 0, 340, 171, 280, 343, 0, 3, 0, 0, 1089, 64852, 0, 0, 0, 1717669328.490123
0, 0, 6, 0, 5, 0, 0, 0, 0, 3300, 0, 0, 0, 3292, 0, 118, 11, 194, 31, 336, 249, 0, 0, 0, 0, 340, 171, 280, 343, 0, 3, 0, 0, 1089, 64852, 0, 0, 0, 1717669328.601258
0, 0, 6, 0, 5, 0, 0, 0, 0, 3300, 0, 0, 0, 3292, 0, 118, 11, 194, 31, 336, 249, 0, 0, 0, 0, 340, 171, 280, 343, 0, 3, 0, 0, 1089, 64852, 0, 0, 0, 1717669328.709837
0, 0, 6, 0, 5, 0, 0, 0, 0, 3300, 0, 0, 0, 3289, 0, 118, 11, 194, 31, 336, 249, 0, 0, 0, 0, 340, 171, 280, 343, 0, 3, 0, 0, 1089, 64852, 0, 0, 0, 1717669328.8202019
0, 0, 6, 0, 5, 0, 0, 0, 0, 3300, 0, 0, 0, 3289, 0, 118, 11, 194, 31, 336, 249, 0, 0, 0, 0, 340, 171, 280, 343, 0, 3, 0, 0, 1089, 64852, 0, 0, 0, 1717669328.931916
0, 0, 6, 0, 5, 0, 0, 0, 0, 3300, 0, 0, 0, 3289, 0, 118, 11, 194, 31, 336, 249, 0, 0, 0, 0, 340, 171, 280, 343, 0, 3, 0, 0, 1089, 64852, 0, 0, 0, 1717669329.043262
0, 0, 6, 0, 5, 0, 0, 0, 0, 3300, 0, 0, 0, 3289, 0, 118, 11, 194, 31, 336, 249, 0, 0, 0, 0, 340, 171, 280, 343, 0, 3, 0, 0, 1089, 64852, 0, 0, 0, 1717669329.151453
0, 0, 6, 0, 5, 0, 0, 0, 0, 3300, 0, 0, 0, 3289, 0, 118, 11, 194, 31, 336, 249, 0, 0, 0, 0, 340, 171, 280, 343, 0, 3, 0, 0, 1089, 64852, 0, 0, 0, 1717669329.264085
0, 0, 6, 0, 5, 0, 0, 0, 0, 3300, 0, 0, 0, 3289, 0, 118, 11, 194, 31, 336, 249, 0, 0, 0, 0, 340, 171, 280, 343, 0, 3, 0, 0, 1089, 64852, 0, 0, 0, 1717669329.373982
0, 0, 6, 0, 5, 0, 0, 0, 0, 3300, 0, 0, 0, 3285, 0, 119, 11, 209, 32, 334, 245, 0, 0, 0, 0, 341, 170, 280, 343, 0, 3, 0, 0, 1089, 64852, 0, 0, 0, 1717669329.483268
0, 0, 6, 0, 5, 0, 0, 0, 0, 3300, 0, 0, 0, 3285, 0, 119, 11, 209, 32, 334, 245, 0, 0, 0, 0, 341, 170, 280, 343, 0, 3, 0, 0, 1089, 64852, 0, 0, 0, 1717669329.603269
0, 0, 6, 0, 5, 0, 0, 0, 0, 3300, 0, 0, 0, 3282, 0, 119, 11, 196, 32, 340, 251, 0, 0, 0, 0, 341, 171, 280, 343, 0, 3, 0, 0, 1089, 64852, 0, 0, 0, 1717669329.71238
0, 0, 6, 0, 5, 0, 0, 0, 0, 3300, 0, 0, 0, 3282, 0, 119, 11, 196, 32, 340, 251, 0, 0, 0, 0, 341, 171, 280, 343, 0, 3, 0, 0, 1089, 64852, 0, 0, 0, 1717669329.8217962
0, 0, 6, 0, 5, 0, 0, 0, 0, 3300, 0, 0, 0, 3282, 0, 119, 11, 196, 32, 340, 251, 0, 0, 0, 0, 341, 171, 280, 343, 0, 3, 0, 0, 1089, 64852, 0, 0, 0, 1717669329.9310222
0, 0, 6, 0, 5, 0, 0, 0, 0, 3300, 0, 0, 0, 3282, 0, 121, 11, 196, 32, 340, 251, 0, 0, 0, 0, 341, 171, 280, 343, 0, 3, 0, 0, 1089, 64852, 0, 0, 0, 1717669330.043506
0, 0, 6, 0, 5, 0, 0, 0, 0, 3300, 0, 0, 0, 3282, 0, 121, 11, 196, 32, 340, 251, 0, 0, 0, 0, 341, 171, 280, 343, 0, 3, 0, 0, 1103, 64852, 0, 0, 0, 1717669330.1544251
0, 0, 6, 0, 5, 0, 0, 0, 0, 3300, 0, 0, 0, 3282, 0, 121, 11, 196, 32, 340, 251, 0, 0, 0, 0, 341, 171, 280, 343, 0, 3, 0, 0, 1103, 64852, 0, 0, 0, 1717669330.265579
0, 0, 6, 0, 5, 0, 0, 0, 0, 3300, 0, 0, 0, 3282, 0, 121, 11, 196, 32, 340, 251, 0, 0, 0, 0, 341, 171, 280, 343, 0, 3, 0, 0, 1103, 64852, 0, 0, 0, 1717669330.3783638
0, 0, 6, 0, 5, 0, 0, 0, 0, 3300, 0, 0, 0, 3279, 0, 116, 11, 196, 32, 340, 251, 0, 0, 0, 0, 341, 171, 280, 343, 0, 3, 0, 0, 1103, 64852, 0, 0, 0, 1717669330.489569
0, 0, 6, 0, 5, 0, 0, 0, 0, 3300, 0, 0, 0, 3279, 0, 116, 11, 196, 32, 340, 251, 0, 0, 0, 0, 341, 171, 280, 343, 0, 3, 0, 0, 1103, 64852, 0, 0, 0, 1717669330.598624
0, 0, 6, 0, 5, 0, 0, 0, 0, 3300, 0, 0, 0, 3276, 0, 116, 11, 196, 32, 340, 251, 0, 0, 0, 0, 341, 171, 280, 343, 0, 3, 0, 0, 1103, 64852, 0, 0, 0, 1717669330.707365
0, 0, 6, 0, 5, 0, 0, 0, 0, 3300, 0, 0, 0, 3276, 0, 116, 11, 196, 32, 340, 251, 0, 0, 0, 0, 341, 171, 280, 343, 0, 3, 0, 0, 1103, 64852, 0, 0, 0, 1717669330.819788
0, 0, 6, 0, 5, 0, 0, 0, 0, 3300, 0, 0, 0, 3276, 0, 119, 11, 196, 32, 340, 251, 0, 0, 0, 0, 341, 171, 280, 343, 0, 3, 0, 0, 1103, 64852, 0, 0, 0, 1717669330.9301188
0, 0, 6, 0, 5, 0, 0, 0, 0, 3300, 0, 0, 0, 3276, 0, 119, 11, 196, 32, 340, 251, 0, 0, 0, 0, 341, 171, 280, 343, 0, 3, 0, 0, 1103, 64852, 0, 0, 0, 1717669331.042071
0, 0, 6, 0, 5, 0, 0, 0, 0, 3300, 0, 0, 0, 3273, 0, 119, 11, 196, 32, 340, 251, 0, 0, 0, 0, 341, 171, 280, 343, 0, 3, 0, 0, 1103, 64852, 0, 0, 0, 1717669331.150469
0, 0, 6, 0, 5, 0, 0, 0, 0, 3300, 0, 0, 0, 3273, 0, 119, 11, 196, 32, 340, 251, 0, 0, 0, 0, 341, 171, 280, 343, 0, 3, 0, 0, 1103, 64852, 0, 0, 0, 1717669331.258691
0, 0, 6, 0, 5, 0, 0, 0, 0, 3300, 0, 0, 0, 3273, 0, 118, 11, 196, 32, 340, 251, 0, 0, 0, 0, 341, 171, 280, 343, 0, 3, 0, 0, 1103, 64852, 0, 0, 0, 1717669331.3675
0, 0, 6, 0, 5, 0, 0, 0, 0, 3300, 0, 0, 0, 3273, 0, 118, 11, 196, 32, 340, 251, 0, 0, 0, 0, 341, 171, 280, 343, 0, 3, 0, 0, 1103, 64852, 0, 0, 0, 1717669331.478271
0, 0, 6, 0, 5, 0, 0, 0, 0, 3300, 0, 0, 0, 3270, 0, 118, 11, 196, 32, 340, 251, 0, 0, 0, 0, 341, 171, 280, 343, 0, 3, 0, 0, 1103, 64852, 0, 0, 0, 1717669331.589493
0, 0, 6, 0, 5, 0, 0, 0, 0, 3300, 0, 0, 0, 3270, 0, 118, 11, 196, 32, 340, 251, 0, 0, 0, 0, 341, 171, 280, 343, 0, 3, 0, 0, 1103, 64852, 0, 0, 0, 1717669331.7046368
0, 0, 6, 0, 5, 0, 0, 0, 0, 3300, 0, 0, 0, 3270, 0, 118, 11, 196, 32, 340, 251, 0, 0, 0, 0, 341, 171, 280, 343, 0, 3, 0, 0, 1103, 64852, 0, 0, 0, 1717669331.8121521
0, 0, 6, 0, 5, 0, 0, 0, 0, 3300, 0, 0, 0, 3270, 0, 118, 11, 196, 32, 340, 251, 0, 0, 0, 0, 341, 171, 280, 343, 0, 3, 0, 0, 1103, 64852, 0, 0, 0, 1717669331.9262972
0, 0, 6, 0, 5, 0, 0, 0, 0, 3300, 0, 0, 0, 3267, 0, 119, 11, 204, 33, 339, 249, 0, 0, 0, 0, 341, 171, 280, 344, 0, 3, 0, 0, 1103, 64852, 0, 0, 0, 1717669332.038825
0, 0, 6, 0, 5, 0, 0, 0, 0, 3300, 0, 0, 0, 3267, 0, 119, 11, 204, 33, 339, 249, 0, 0, 0, 0, 341, 171, 280, 344, 0, 3, 0, 0, 1103, 64852, 0, 0, 0, 1717669332.1510851
0, 0, 6, 0, 5, 0, 0, 0, 0, 3300, 0, 0, 0, 3267, 0, 119, 11, 204, 33, 339, 249, 0, 0, 0, 0, 341, 171, 280, 344, 0, 3, 0, 0, 1103, 64852, 0, 0, 0, 1717669332.2623758
0, 0, 6, 0, 5, 0, 0, 0, 0, 3300, 0, 0, 0, 3267, 0, 119, 11, 204, 33, 339, 249, 0, 0, 0, 0, 341, 171, 280, 344, 0, 3, 0, 0, 1103, 64852, 0, 0, 0, 1717669332.373109
0, 0, 6, 0, 5, 0, 0, 0, 0, 3300, 0, 0, 0, 3267, 0, 119, 11, 204, 33, 339, 249, 0, 0, 0, 0, 341, 171, 280, 344, 0, 3, 0, 0, 1103, 64852, 0, 0, 0, 1717669332.4838772
0, 0, 6, 0, 5, 0, 0, 0, 0, 3300, 0, 0, 0, 3267, 0, 119, 11, 204, 33, 339, 249, 0, 0, 0, 0, 341, 171, 280, 344, 0, 3, 0, 0, 1103, 64852, 0, 0, 0, 1717669332.594971
0, 0, 6, 0, 5, 0, 0, 0, 0, 3300, 0, 0, 0, 3267, 0, 119, 11, 204, 33, 339, 249, 0, 0, 0, 0, 341, 171, 280, 344, 0, 3, 0, 0, 1103, 64852, 0, 0, 0, 1717669332.705866
0, 0, 6, 0, 5, 0, 0, 0, 0, 3300, 0, 0, 0, 3263, 0, 119, 11, 204, 33, 339, 249, 0, 0, 0, 0, 341, 171, 280, 344, 0, 3, 0, 0, 1103, 64852, 0, 0, 0, 1717669332.817318
0, 0, 6, 0, 5, 0, 0, 0, 0, 3300, 0, 0, 0, 3263, 0, 119, 11, 204, 33, 339, 249, 0, 0, 0, 0, 341, 171, 280, 344, 0, 3, 0, 0, 1103, 64852, 0, 0, 0, 1717669332.93075
0, 0, 6, 0, 5, 0, 0, 0, 0, 3300, 0, 0, 0, 3260, 0, 119, 11, 204, 33, 339, 249, 0, 0, 0, 0, 341, 171, 280, 344, 0, 3, 0, 0, 1103, 64852, 0, 0, 0, 1717669333.0378711
0, 0, 6, 0, 5, 0, 0, 0, 0, 3300, 0, 0, 0, 3260, 0, 119, 11, 204, 33, 339, 249, 0, 0, 0, 0, 341, 171, 280, 344, 0, 3, 0, 0, 1103, 64852, 0, 0, 0, 1717669333.147988
0, 0, 6, 0, 5, 0, 0, 0, 0, 3300, 0, 0, 0, 3260, 0, 119, 11, 204, 33, 339, 249, 0, 0, 0, 0, 341, 171, 280, 344, 0, 3, 0, 0, 1103, 64852, 0, 0, 0, 1717669333.261478
0, 0, 6, 0, 5, 0, 0, 0, 0, 3300, 0, 0, 0, 3260, 0, 119, 11, 204, 33, 339, 249, 0, 0, 0, 0, 341, 171, 280, 344, 0, 3, 0, 0, 1103, 64852, 0, 0, 0, 1717669333.3718028
0, 0, 6, 0, 5, 0, 0, 0, 0, 3300, 0, 0, 0, 3257, 0, 119, 11, 204, 33, 339, 249, 0, 0, 0, 0, 341, 171, 280, 344, 0, 3, 0, 0, 1103, 64852, 0, 0, 0, 1717669333.487128
0, 0, 6, 0, 5, 0, 0, 0, 0, 3300, 0, 0, 0, 3257, 0, 119, 11, 204, 33, 339, 249, 0, 0, 0, 0, 341, 171, 280, 344, 0, 3, 0, 0, 1103, 64852, 0, 0, 0, 1717669333.5962
0, 0, 6, 0, 5, 0, 0, 0, 0, 3300, 0, 0, 0, 3257, 0, 119, 11, 204, 33, 339, 249, 0, 0, 0, 0, 341, 171, 280, 344, 0, 3, 0, 0, 1103, 64852, 0, 0, 0, 1717669333.706959
0, 0, 6, 0, 5, 0, 0, 0, 0, 3300, 0, 0, 0, 3257, 0, 119, 11, 204, 33, 339, 249, 0, 0, 0, 0, 341, 171, 280, 344, 0, 3, 0, 0, 1103, 64852, 0, 0, 0, 1717669333.815424
0, 0, 6, 0, 5, 0, 0, 0, 0, 3300, 0, 0, 0, 3257, 0, 119, 11, 204, 33, 339, 249, 0, 0, 0, 0, 341, 171, 280, 344, 0, 3, 0, 0, 1103, 64852, 0, 0, 0, 1717669333.922396
0, 0, 6, 0, 5, 0, 0, 0, 0, 3300, 0, 0, 0, 3257, 0, 120, 11, 197, 31, 340, 254, 0, 0, 0, 0, 341, 170, 280, 343, 0, 3, 0, 0, 1103, 64852, 0, 0, 0, 1717669334.031658
0, 0, 6, 0, 5, 0, 0, 0, 0, 3300, 0, 0, 0, 3254, 0, 120, 11, 197, 31, 340, 254, 0, 0, 0, 0, 341, 170, 280, 343, 0, 3, 0, 0, 1103, 64852, 0, 0, 0, 1717669334.141058
0, 0, 6, 0, 5, 0, 0, 0, 0, 3300, 0, 0, 0, 3254, 0, 120, 11, 197, 31, 340, 254, 0, 0, 0, 0, 341, 170, 280, 343, 0, 3, 0, 0, 1103, 64852, 0, 0, 0, 1717669334.251712
0, 0, 6, 0, 5, 0, 0, 0, 0, 3300, 0, 0, 0, 3251, 0, 120, 11, 188, 30, 336, 249, 0, 0, 0, 0, 341, 171, 280, 343, 0, 3, 0, 0, 1103, 64852, 0, 0, 0, 1717669334.3585448
0, 0, 6, 0, 5, 0, 0, 0, 0, 3300, 0, 0, 0, 3251, 0, 120, 11, 188, 30, 336, 249, 0, 0, 0, 0, 341, 171, 280, 343, 0, 3, 0, 0, 1103, 64852, 0, 0, 0, 1717669334.469186
0, 0, 6, 0, 5, 0, 0, 0, 0, 3300, 0, 0, 0, 3251, 0, 118, 11, 188, 30, 336, 249, 0, 0, 0, 0, 341, 171, 280, 343, 0, 3, 0, 0, 1103, 64852, 0, 0, 0, 1717669334.5796218
0, 0, 6, 0, 5, 0, 0, 0, 0, 3300, 0, 0, 0, 3251, 0, 118, 11, 188, 30, 336, 249, 0, 0, 0, 0, 341, 171, 280, 343, 0, 3, 0, 0, 1103, 64852, 0, 0, 0, 1717669334.690075
0, 0, 6, 0, 5, 0, 0, 0, 0, 3300, 0, 0, 0, 3251, 0, 118, 11, 188, 30, 336, 249, 0, 0, 0, 0, 341, 171, 280, 343, 0, 3, 0, 0, 1103, 64852, 0, 0, 0, 1717669334.797119
0, 0, 6, 0, 5, 0, 0, 0, 0, 3300, 0, 0, 0, 3248, 0, 118, 11, 195, 31, 338, 249, 0, 0, 0, 0, 341, 171, 280, 343, 0, 3, 0, 0, 1103, 64852, 0, 0, 0, 1717669334.907667
0, 0, 6, 0, 5, 0, 0, 0, 0, 3300, 0, 0, 0, 3248, 0, 118, 11, 195, 31, 338, 249, 0, 0, 0, 0, 341, 171, 280, 343, 0, 3, 0, 0, 1103, 64852, 0, 0, 0, 1717669335.019954
0, 0, 6, 0, 5, 0, 0, 0, 0, 3300, 0, 0, 0, 3248, 0, 117, 11, 195, 31, 338, 249, 0, 0, 0, 0, 341, 171, 280, 343, 0, 3, 0, 0, 1103, 64852, 0, 0, 0, 1717669335.1327639
0, 0, 6, 0, 5, 0, 0, 0, 0, 3300, 0, 0, 0, 3248, 0, 117, 11, 195, 31, 338, 249, 0, 0, 0, 0, 341, 171, 280, 343, 0, 3, 0, 0, 1103, 64852, 0, 0, 0, 1717669335.239288
0, 0, 6, 0, 5, 0, 0, 0, 0, 3300, 0, 0, 0, 3244, 0, 117, 11, 195, 31, 338, 249, 0, 0, 0, 0, 341, 171, 280, 343, 0, 3, 0, 0, 1103, 64852, 0, 0, 0, 1717669335.348178
0, 0, 6, 0, 5, 0, 0, 0, 0, 3300, 0, 0, 0, 3244, 0, 117, 11, 195, 31, 338, 249, 0, 0, 0, 0, 341, 171, 280, 343, 0, 3, 0, 0, 1103, 64852, 0, 0, 0, 1717669335.459927
0, 0, 6, 0, 5, 0, 0, 0, 0, 3300, 0, 0, 0, 3244, 0, 119, 11, 195, 31, 338, 249, 0, 0, 0, 0, 341, 171, 280, 343, 0, 3, 0, 0, 1103, 64852, 0, 0, 0, 1717669335.573247
0, 0, 6, 0, 5, 0, 0, 0, 0, 3300, 0, 0, 0, 3241, 0, 119, 11, 195, 31, 338, 249, 0, 0, 0, 0, 341, 171, 280, 343, 0, 3, 0, 0, 1103, 64852, 0, 0, 0, 1717669335.691498
0, 0, 6, 0, 5, 0, 0, 0, 0, 3300, 0, 0, 0, 3241, 0, 119, 11, 195, 31, 338, 249, 0, 0, 0, 0, 341, 171, 280, 343, 0, 3, 0, 0, 1103, 64852, 0, 0, 0, 1717669335.802779
0, 0, 6, 0, 5, 0, 0, 0, 0, 3300, 0, 0, 0, 3241, 0, 119, 11, 195, 31, 338, 249, 1, 0, 1, 0, 341, 171, 280, 343, 0, 3, 0, 0, 1103, 64852, 66, 0, 71, 1717669335.9200158
0, 0, 6, 0, 5, 0, 0, 0, 0, 3300, 0, 0, 0, 3241, 0, 119, 11, 195, 31, 338, 249, 1, 0, 1, 0, 341, 171, 280, 343, 0, 3, 0, 0, 1103, 64852, 66, 0, 71, 1717669336.0288792
0, 0, 6, 0, 5, 0, 0, 0, 0, 3300, 0, 0, 0, 3241, 0, 119, 11, 195, 31, 338, 249, 1, 0, 1, 0, 341, 171, 280, 343, 0, 3, 0, 0, 1117, 64852, 66, 0, 71, 1717669336.140765
0, 0, 6, 0, 5, 0, 0, 0, 0, 3300, 0, 0, 0, 3241, 0, 119, 11, 195, 31, 338, 249, 1, 0, 1, 0, 341, 171, 280, 343, 0, 3, 0, 0, 1117, 64852, 66, 0, 71, 1717669336.2533371
0, 0, 6, 0, 5, 0, 0, 0, 0, 3300, 0, 0, 0, 3238, 0, 119, 11, 196, 29, 336, 253, 1, 0, 1, 0, 341, 171, 280, 343, 0, 3, 0, 0, 1117, 64852, 66, 0, 71, 1717669336.369676
0, 0, 6, 0, 5, 0, 0, 0, 0, 3300, 0, 0, 0, 3238, 0, 119, 11, 196, 29, 336, 253, 1, 0, 1, 0, 341, 171, 280, 343, 0, 3, 0, 0, 1117, 64852, 66, 0, 71, 1717669336.481685
0, 0, 6, 0, 5, 0, 0, 0, 0, 3300, 0, 0, 0, 3238, 0, 120, 11, 196, 29, 335, 245, 1, 0, 1, 0, 341, 171, 281, 343, 0, 3, 0, 0, 1117, 64852, 66, 0, 71, 1717669336.5905018
0, 0, 6, 0, 5, 0, 0, 0, 0, 3300, 0, 0, 0, 3235, 0, 120, 11, 196, 29, 335, 245, 0, 0, 0, 0, 341, 171, 281, 343, 0, 3, 0, 0, 1117, 64852, 0, 0, 0, 1717669336.705125
0, 0, 6, 0, 5, 0, 0, 0, 0, 3300, 0, 0, 0, 3235, 0, 120, 11, 196, 29, 335, 245, 0, 0, 0, 0, 341, 171, 281, 343, 0, 3, 0, 0, 1117, 64852, 0, 0, 0, 1717669336.8152268
0, 0, 6, 0, 5, 0, 0, 0, 0, 3300, 0, 0, 0, 3235, 0, 120, 11, 196, 29, 335, 245, 0, 0, 0, 0, 341, 171, 281, 343, 0, 3, 0, 0, 1117, 64852, 0, 0, 0, 1717669336.9272692
0, 0, 6, 0, 5, 0, 0, 0, 0, 3300, 0, 0, 0, 3235, 0, 120, 11, 196, 29, 335, 245, 0, 0, 0, 0, 341, 171, 281, 343, 0, 3, 0, 0, 1117, 64852, 0, 0, 0, 1717669337.035163
0, 0, 6, 0, 5, 0, 0, 0, 0, 3300, 0, 0, 0, 3232, 0, 116, 11, 196, 29, 335, 245, 0, 0, 0, 0, 341, 171, 281, 343, 0, 3, 0, 0, 1117, 64852, 0, 0, 0, 1717669337.147152
0, 0, 6, 0, 5, 0, 0, 0, 0, 3300, 0, 0, 0, 3232, 0, 116, 11, 196, 29, 335, 245, 0, 0, 0, 0, 341, 171, 281, 343, 0, 3, 0, 0, 1117, 64852, 0, 0, 0, 1717669337.257494
0, 0, 6, 0, 5, 0, 0, 0, 0, 3300, 0, 0, 0, 3232, 0, 116, 11, 196, 29, 335, 245, 0, 0, 0, 0, 341, 171, 281, 343, 0, 3, 0, 0, 1117, 64852, 0, 0, 0, 1717669337.366185
0, 0, 6, 0, 5, 0, 0, 0, 0, 3300, 0, 0, 0, 3232, 0, 116, 11, 196, 29, 335, 245, 0, 0, 0, 0, 341, 171, 281, 343, 0, 3, 0, 0, 1117, 64852, 0, 0, 0, 1717669337.477484
0, 0, 6, 0, 5, 0, 0, 0, 0, 3300, 0, 0, 0, 3229, 0, 116, 11, 196, 29, 335, 245, 0, 0, 0, 0, 341, 171, 281, 343, 0, 3, 0, 0, 1117, 64852, 0, 0, 0, 1717669337.58398
0, 0, 6, 0, 5, 0, 0, 0, 0, 3300, 0, 0, 0, 3229, 0, 116, 11, 196, 29, 335, 245, 0, 0, 0, 0, 341, 171, 281, 343, 0, 3, 0, 0, 1117, 64852, 0, 0, 0, 1717669337.695389
0, 0, 6, 0, 5, 0, 0, 0, 0, 3300, 0, 0, 0, 3229, 0, 116, 11, 196, 29, 335, 245, 0, 0, 0, 0, 341, 171, 281, 343, 0, 3, 0, 0, 1117, 64852, 0, 0, 0, 1717669337.807038
0, 0, 6, 0, 5, 0, 0, 0, 0, 3300, 0, 0, 0, 3229, 0, 116, 11, 196, 29, 335, 245, 0, 0, 0, 0, 341, 171, 281, 343, 0, 3, 0, 0, 1117, 64852, 0, 0, 0, 1717669337.9146721
0, 0, 6, 0, 5, 0, 0, 0, 0, 3300, 0, 0, 0, 3226, 0, 118, 11, 196, 29, 335, 245, 0, 0, 0, 0, 341, 171, 281, 343, 0, 3, 0, 0, 1117, 64852, 0, 0, 0, 1717669338.026975
0, 0, 6, 0, 5, 0, 0, 0, 0, 3300, 0, 0, 0, 3226, 0, 118, 11, 196, 29, 335, 245, 0, 0, 0, 0, 341, 171, 281, 343, 0, 3, 0, 0, 1117, 64835, 0, 0, 0, 1717669338.138408
0, 0, 6, 0, 5, 0, 0, 0, 0, 3300, 0, 0, 0, 3226, 0, 118, 11, 196, 29, 335, 245, 0, 0, 0, 0, 341, 171, 281, 343, 0, 3, 0, 0, 1117, 64835, 0, 0, 0, 1717669338.244868
0, 0, 6, 0, 5, 0, 0, 0, 0, 3300, 0, 0, 0, 3226, 0, 118, 11, 196, 29, 335, 245, 0, 0, 0, 0, 341, 171, 281, 343, 0, 3, 0, 0, 1117, 64835, 0, 0, 0, 1717669338.356399
0, 0, 6, 0, 5, 0, 0, 0, 0, 3300, 0, 0, 0, 3222, 0, 118, 11, 193, 31, 343, 254, 0, 0, 0, 0, 341, 170, 280, 343, 0, 3, 0, 0, 1117, 64835, 0, 0, 0, 1717669338.4659479
0, 0, 6, 0, 5, 0, 0, 0, 0, 3300, 0, 0, 0, 3222, 0, 118, 11, 193, 31, 343, 254, 0, 0, 0, 0, 341, 170, 280, 343, 0, 3, 0, 0, 1117, 64835, 0, 0, 0, 1717669338.575326
0, 0, 6, 0, 5, 0, 0, 0, 0, 3300, 0, 0, 0, 3222, 0, 113, 11, 194, 32, 343, 254, 0, 0, 0, 0, 341, 170, 280, 343, 0, 3, 0, 0, 1117, 64835, 0, 0, 0, 1717669338.688927
0, 0, 6, 0, 5, 0, 0, 0, 0, 3300, 0, 0, 0, 3222, 0, 113, 11, 194, 32, 343, 254, 0, 0, 0, 0, 341, 170, 280, 343, 0, 3, 0, 0, 1117, 64835, 0, 0, 0, 1717669338.8047922
0, 0, 6, 0, 5, 0, 0, 0, 0, 3300, 0, 0, 0, 3219, 0, 113, 11, 194, 32, 343, 254, 0, 0, 0, 0, 341, 170, 280, 343, 0, 3, 0, 0, 1117, 64835, 0, 0, 0, 1717669338.914689
0, 0, 6, 0, 5, 0, 0, 0, 0, 3300, 0, 0, 0, 3219, 0, 113, 11, 194, 32, 343, 254, 0, 0, 0, 0, 341, 170, 280, 343, 0, 3, 0, 0, 1117, 64835, 0, 0, 0, 1717669339.023991
0, 0, 6, 0, 5, 0, 0, 0, 0, 3300, 0, 0, 0, 3219, 0, 115, 11, 194, 32, 343, 254, 0, 0, 0, 0, 341, 170, 280, 343, 0, 3, 0, 0, 1117, 64835, 0, 0, 0, 1717669339.1359801
0, 0, 6, 0, 5, 0, 0, 0, 0, 3300, 0, 0, 0, 3219, 0, 115, 11, 194, 32, 343, 254, 0, 0, 0, 0, 341, 170, 280, 343, 0, 3, 0, 0, 1117, 64835, 0, 0, 0, 1717669339.25245
0, 0, 6, 0, 5, 0, 0, 0, 0, 3300, 0, 0, 0, 3216, 0, 115, 11, 194, 32, 343, 254, 0, 0, 0, 0, 341, 170, 280, 343, 0, 3, 0, 0, 1117, 64835, 0, 0, 0, 1717669339.364008
0, 0, 6, 0, 5, 0, 0, 0, 0, 3300, 0, 0, 0, 3216, 0, 115, 11, 194, 32, 343, 254, 0, 0, 0, 0, 341, 170, 280, 343, 0, 3, 0, 0, 1117, 64835, 0, 0, 0, 1717669339.473407
0, 0, 6, 0, 5, 0, 0, 0, 0, 3300, 0, 0, 0, 3216, 0, 116, 11, 194, 32, 343, 254, 0, 0, 0, 0, 341, 170, 280, 343, 0, 3, 0, 0, 1117, 64835, 0, 0, 0, 1717669339.588683
0, 0, 6, 0, 5, 0, 0, 0, 0, 3300, 0, 0, 0, 3216, 0, 116, 11, 194, 32, 343, 254, 0, 0, 0, 0, 341, 170, 280, 343, 0, 3, 0, 0, 1117, 64835, 0, 0, 0, 1717669339.7007732
0, 0, 6, 0, 5, 0, 0, 0, 0, 3300, 0, 0, 0, 3213, 0, 116, 11, 194, 32, 343, 254, 0, 0, 0, 0, 341, 170, 280, 343, 0, 3, 0, 0, 1117, 64835, 0, 0, 0, 1717669339.810517
0, 0, 6, 0, 5, 0, 0, 0, 0, 3300, 0, 0, 0, 3213, 0, 116, 11, 194, 32, 343, 254, 0, 0, 0, 0, 341, 170, 280, 343, 0, 3, 0, 0, 1117, 64835, 0, 0, 0, 1717669339.9217842
0, 0, 6, 0, 5, 0, 0, 0, 0, 3300, 0, 0, 0, 3213, 0, 117, 11, 194, 32, 343, 254, 0, 0, 0, 0, 341, 170, 280, 343, 0, 3, 0, 0, 1117, 64835, 0, 0, 0, 1717669340.032558
0, 0, 6, 0, 5, 0, 0, 0, 0, 3300, 0, 0, 0, 3213, 0, 117, 11, 194, 32, 343, 254, 0, 0, 0, 0, 341, 170, 280, 343, 0, 3, 0, 0, 1117, 64835, 0, 0, 0, 1717669340.139224
0, 0, 6, 0, 5, 0, 0, 0, 0, 3300, 0, 0, 0, 3213, 0, 117, 11, 194, 32, 343, 254, 0, 0, 0, 0, 341, 170, 280, 343, 0, 3, 0, 0, 1117, 64835, 0, 0, 0, 1717669340.249721
0, 0, 6, 0, 5, 0, 0, 0, 0, 3300, 0, 0, 0, 3213, 0, 117, 11, 194, 32, 343, 254, 0, 0, 0, 0, 341, 170, 280, 343, 0, 3, 0, 0, 1117, 64835, 0, 0, 0, 1717669340.360805
0, 0, 6, 0, 5, 0, 0, 0, 0, 3300, 0, 0, 0, 3210, 0, 117, 11, 194, 31, 344, 255, 0, 0, 0, 0, 341, 171, 279, 343, 0, 3, 0, 0, 1117, 64835, 0, 0, 0, 1717669340.472765
0, 0, 6, 0, 5, 0, 0, 0, 0, 3300, 0, 0, 0, 3210, 0, 117, 11, 194, 31, 344, 255, 0, 0, 0, 0, 341, 171, 279, 343, 0, 3, 0, 0, 1117, 64835, 0, 0, 0, 1717669340.584013
0, 0, 6, 0, 5, 0, 0, 0, 0, 3300, 0, 0, 0, 3207, 0, 117, 11, 194, 31, 344, 255, 0, 0, 0, 0, 341, 171, 279, 343, 0, 3, 0, 0, 1117, 64835, 0, 0, 0, 1717669340.694134
0, 0, 6, 0, 5, 0, 0, 0, 0, 3300, 0, 0, 0, 3207, 0, 118, 11, 194, 31, 344, 255, 0, 0, 0, 0, 341, 171, 279, 343, 0, 3, 0, 0, 1117, 64835, 0, 0, 0, 1717669340.80452
0, 0, 6, 0, 5, 0, 0, 0, 0, 3300, 0, 0, 0, 3207, 0, 118, 11, 194, 31, 344, 255, 1, 0, 0, 0, 341, 171, 279, 343, 0, 3, 0, 0, 1117, 64835, 62, 0, 0, 1717669340.917481
0, 0, 6, 0, 5, 0, 0, 0, 0, 3300, 0, 0, 0, 3207, 0, 118, 11, 194, 31, 344, 255, 1, 0, 0, 0, 341, 171, 279, 343, 0, 3, 0, 0, 1117, 64835, 62, 0, 0, 1717669341.028026
0, 0, 6, 0, 5, 0, 0, 0, 0, 3300, 0, 0, 0, 3207, 0, 118, 11, 194, 31, 344, 255, 1, 0, 0, 0, 341, 171, 279, 343, 0, 3, 0, 0, 1117, 64835, 62, 0, 0, 1717669341.144074
0, 0, 6, 0, 5, 0, 0, 0, 0, 3300, 0, 0, 0, 3203, 0, 119, 11, 194, 31, 344, 255, 1, 0, 0, 0, 341, 171, 279, 343, 0, 3, 0, 0, 1117, 64835, 62, 0, 0, 1717669341.255628
0, 0, 6, 0, 5, 0, 0, 0, 0, 3300, 0, 0, 0, 3203, 0, 119, 11, 194, 31, 344, 255, 1, 0, 0, 0, 341, 171, 279, 343, 0, 3, 0, 0, 1117, 64835, 62, 0, 0, 1717669341.366409
0, 0, 6, 0, 5, 0, 0, 0, 0, 3300, 0, 0, 0, 3203, 0, 119, 11, 194, 31, 344, 255, 1, 0, 0, 0, 341, 171, 279, 343, 0, 3, 0, 0, 1117, 64835, 62, 0, 0, 1717669341.475307
0, 0, 6, 0, 5, 0, 0, 0, 0, 3300, 0, 0, 0, 3203, 0, 119, 11, 194, 31, 344, 255, 1, 0, 0, 0, 341, 171, 279, 343, 0, 3, 0, 0, 1131, 64835, 62, 0, 0, 1717669341.5990322
0, 0, 6, 0, 5, 0, 0, 0, 0, 3300, 0, 0, 0, 3200, 0, 117, 11, 194, 31, 344, 255, 0, 0, 0, 0, 341, 171, 279, 343, 0, 3, 0, 0, 1131, 64835, 0, 0, 0, 1717669341.71259
0, 0, 6, 0, 5, 0, 0, 0, 0, 3300, 0, 0, 0, 3200, 0, 117, 11, 194, 31, 344, 255, 0, 0, 0, 0, 341, 171, 279, 343, 0, 3, 0, 0, 1131, 64835, 0, 0, 0, 1717669341.823359
0, 0, 6, 0, 5, 0, 0, 0, 0, 3300, 0, 0, 0, 3200, 0, 117, 11, 194, 31, 344, 255, 0, 0, 0, 0, 341, 171, 279, 343, 0, 3, 0, 0, 1131, 64835, 0, 0, 0, 1717669341.937164
0, 0, 6, 0, 5, 0, 0, 0, 0, 3300, 0, 0, 0, 3200, 0, 117, 11, 194, 31, 344, 255, 0, 0, 0, 0, 341, 171, 279, 343, 0, 3, 0, 0, 1131, 64835, 0, 0, 0, 1717669342.055609
0, 0, 6, 0, 5, 0, 0, 0, 0, 3300, 0, 0, 0, 3197, 0, 113, 11, 194, 31, 344, 255, 0, 0, 0, 0, 341, 171, 279, 343, 0, 3, 0, 0, 1131, 64835, 0, 0, 0, 1717669342.169434
0, 0, 6, 0, 5, 0, 0, 0, 0, 3300, 0, 0, 0, 3197, 0, 113, 11, 194, 31, 344, 255, 0, 0, 0, 0, 341, 171, 279, 343, 0, 3, 0, 0, 1131, 64835, 0, 0, 0, 1717669342.2804391
0, 0, 6, 0, 5, 0, 0, 0, 0, 3300, 0, 0, 0, 3197, 0, 113, 11, 194, 31, 344, 255, 0, 0, 0, 0, 341, 171, 279, 343, 0, 3, 0, 0, 1131, 64835, 0, 0, 0, 1717669342.390753
0, 0, 6, 0, 5, 0, 0, 0, 0, 3300, 0, 0, 0, 3197, 0, 113, 11, 199, 32, 340, 253, 0, 0, 0, 0, 341, 170, 280, 343, 0, 3, 0, 0, 1131, 64835, 0, 0, 0, 1717669342.50809
0, 0, 6, 0, 5, 0, 0, 0, 0, 3300, 0, 0, 0, 3194, 0, 113, 11, 199, 32, 340, 253, 0, 0, 0, 0, 341, 170, 280, 343, 0, 3, 0, 0, 1131, 64835, 0, 0, 0, 1717669342.618923
0, 0, 6, 0, 5, 0, 0, 0, 0, 3300, 0, 0, 0, 3194, 0, 114, 11, 189, 31, 340, 253, 0, 0, 0, 0, 341, 170, 280, 343, 0, 3, 0, 0, 1131, 64835, 0, 0, 0, 1717669342.732002
0, 0, 6, 0, 5, 0, 0, 0, 0, 3300, 0, 0, 0, 3194, 0, 114, 11, 189, 31, 340, 253, 0, 0, 0, 0, 341, 170, 280, 343, 0, 3, 0, 0, 1131, 64835, 0, 0, 0, 1717669342.8441842
0, 0, 6, 0, 5, 0, 0, 0, 0, 3300, 0, 0, 0, 3194, 0, 114, 11, 189, 31, 340, 253, 0, 0, 0, 0, 341, 170, 280, 343, 0, 3, 0, 0, 1131, 64835, 0, 0, 0, 1717669342.955749
0, 0, 6, 0, 5, 0, 0, 0, 0, 3300, 0, 0, 0, 3191, 0, 114, 11, 189, 31, 340, 253, 0, 0, 0, 0, 341, 170, 280, 343, 0, 3, 0, 0, 1131, 64835, 0, 0, 0, 1717669343.065163
0, 0, 6, 0, 5, 0, 0, 0, 0, 3300, 0, 0, 0, 3191, 0, 114, 11, 189, 31, 340, 253, 0, 0, 0, 0, 341, 170, 280, 343, 0, 3, 0, 0, 1131, 64835, 0, 0, 0, 1717669343.174318
0, 0, 6, 0, 5, 0, 0, 0, 0, 3300, 0, 0, 0, 3191, 0, 117, 11, 189, 31, 340, 253, 0, 0, 0, 0, 341, 170, 280, 343, 0, 3, 0, 0, 1131, 64835, 0, 0, 0, 1717669343.2875059
0, 0, 6, 0, 5, 0, 0, 0, 0, 3300, 0, 0, 0, 3191, 0, 117, 11, 189, 31, 340, 253, 0, 0, 0, 0, 341, 170, 280, 343, 0, 3, 0, 0, 1131, 64835, 0, 0, 0, 1717669343.3966238
0, 0, 6, 0, 5, 0, 0, 0, 0, 3300, 0, 0, 0, 3188, 0, 117, 11, 189, 31, 340, 253, 0, 0, 0, 0, 341, 170, 280, 343, 0, 3, 0, 0, 1131, 64835, 0, 0, 0, 1717669343.507494
0, 0, 6, 0, 5, 0, 0, 0, 0, 3300, 0, 0, 0, 3188, 0, 117, 11, 189, 31, 340, 253, 0, 0, 0, 0, 341, 170, 280, 343, 0, 3, 0, 0, 1131, 64835, 0, 0, 0, 1717669343.6180558
0, 0, 6, 0, 5, 0, 0, 0, 0, 3300, 0, 0, 0, 3188, 0, 117, 11, 189, 31, 340, 253, 0, 0, 0, 0, 341, 170, 280, 343, 0, 3, 0, 0, 1131, 64835, 0, 0, 0, 1717669343.7280982
0, 0, 6, 0, 5, 0, 0, 0, 0, 3300, 0, 0, 0, 3188, 0, 117, 11, 189, 31, 340, 253, 0, 0, 0, 0, 341, 170, 280, 343, 0, 3, 0, 0, 1131, 64835, 0, 0, 0, 1717669343.8391821
0, 0, 6, 0, 5, 0, 0, 0, 0, 3300, 0, 0, 0, 3184, 0, 117, 11, 189, 31, 340, 253, 0, 0, 0, 0, 341, 170, 280, 343, 0, 3, 0, 0, 1131, 64835, 0, 0, 0, 1717669343.950315
0, 0, 6, 0, 5, 0, 0, 0, 0, 3300, 0, 0, 0, 3184, 0, 117, 11, 189, 31, 340, 253, 0, 0, 0, 0, 341, 170, 280, 343, 0, 3, 0, 0, 1131, 64835, 0, 0, 0, 1717669344.0638359
0, 0, 6, 0, 5, 0, 0, 0, 0, 3300, 0, 0, 0, 3184, 0, 118, 11, 189, 31, 340, 253, 1, 0, 1, 0, 341, 170, 280, 343, 0, 3, 0, 0, 1131, 64835, 32, 0, 66, 1717669344.17297
0, 0, 6, 0, 5, 0, 0, 0, 0, 3300, 0, 0, 0, 3184, 0, 118, 11, 189, 31, 340, 253, 1, 0, 1, 0, 341, 170, 280, 343, 0, 3, 0, 0, 1131, 64835, 32, 0, 66, 1717669344.2826922
0, 0, 6, 0, 5, 0, 0, 0, 0, 3300, 0, 0, 0, 3184, 0, 118, 11, 189, 31, 340, 253, 1, 0, 1, 0, 341, 170, 280, 343, 0, 3, 0, 0, 1131, 64835, 32, 0, 66, 1717669344.392475
0, 0, 6, 0, 5, 0, 0, 0, 0, 3300, 0, 0, 0, 3184, 0, 118, 11, 189, 31, 340, 253, 1, 0, 1, 0, 341, 170, 280, 343, 0, 3, 0, 0, 1131, 64835, 32, 0, 66, 1717669344.5050821
0, 0, 6, 0, 5, 0, 0, 0, 0, 3300, 0, 0, 0, 3182, 0, 118, 11, 186, 30, 340, 250, 1, 0, 1, 0, 341, 170, 280, 343, 0, 3, 0, 0, 1131, 64835, 32, 0, 66, 1717669344.614065
0, 0, 6, 0, 5, 0, 0, 0, 0, 3300, 0, 0, 0, 3182, 0, 118, 11, 186, 30, 340, 250, 0, 0, 0, 0, 341, 170, 280, 343, 0, 3, 0, 0, 1131, 64835, 0, 0, 0, 1717669344.7237399
0, 0, 6, 0, 5, 0, 0, 0, 0, 3300, 0, 0, 0, 3178, 0, 117, 11, 186, 30, 340, 250, 0, 0, 0, 0, 341, 170, 280, 343, 0, 3, 0, 0, 1131, 64835, 0, 0, 0, 1717669344.834889
0, 0, 6, 0, 5, 0, 0, 0, 0, 3300, 0, 0, 0, 3178, 0, 117, 11, 186, 30, 340, 250, 0, 0, 0, 0, 341, 170, 280, 343, 0, 3, 0, 0, 1131, 64835, 0, 0, 0, 1717669344.9448278
0, 0, 6, 0, 5, 0, 0, 0, 0, 3300, 0, 0, 0, 3178, 0, 117, 11, 186, 30, 340, 250, 1, 0, 0, 0, 341, 170, 280, 343, 0, 3, 0, 0, 1131, 64835, 77, 0, 0, 1717669345.054729
0, 0, 6, 0, 5, 0, 0, 0, 0, 3300, 0, 0, 0, 3178, 0, 117, 11, 186, 30, 340, 250, 1, 0, 0, 0, 341, 170, 280, 343, 0, 3, 0, 0, 1131, 64835, 77, 0, 0, 1717669345.164001
0, 0, 6, 0, 5, 0, 0, 0, 0, 3300, 0, 0, 0, 3175, 0, 117, 11, 186, 30, 340, 250, 1, 0, 0, 0, 341, 170, 280, 343, 0, 3, 0, 0, 1131, 64835, 77, 0, 0, 1717669345.272717
0, 0, 6, 0, 5, 0, 0, 0, 0, 3300, 0, 0, 0, 3175, 0, 117, 11, 186, 30, 340, 250, 1, 0, 0, 0, 341, 170, 280, 343, 0, 3, 0, 0, 1131, 64835, 77, 0, 0, 1717669345.38001
0, 0, 6, 0, 5, 0, 0, 0, 0, 3300, 0, 0, 0, 3175, 0, 117, 11, 186, 30, 340, 250, 1, 0, 0, 0, 341, 170, 280, 343, 0, 3, 0, 0, 1131, 64835, 77, 0, 0, 1717669345.496166
0, 0, 6, 0, 5, 0, 0, 0, 0, 3300, 0, 0, 0, 3175, 0, 117, 11, 186, 30, 340, 250, 1, 0, 0, 0, 341, 170, 280, 343, 0, 3, 0, 0, 1131, 64835, 77, 0, 0, 1717669345.606113
0, 0, 6, 0, 5, 0, 0, 0, 0, 3300, 0, 0, 0, 3175, 0, 117, 11, 186, 30, 340, 250, 0, 0, 0, 0, 341, 170, 280, 343, 0, 3, 0, 0, 1131, 64835, 0, 0, 0, 1717669345.714514
0, 0, 6, 0, 5, 0, 0, 0, 0, 3300, 0, 0, 0, 3172, 0, 118, 11, 186, 30, 340, 250, 0, 0, 0, 0, 341, 170, 280, 343, 0, 3, 0, 0, 1131, 64835, 0, 0, 0, 1717669345.8221362
0, 0, 6, 0, 5, 0, 0, 0, 0, 3300, 0, 0, 0, 3172, 0, 118, 11, 186, 30, 340, 250, 0, 0, 0, 0, 341, 170, 280, 343, 0, 3, 0, 0, 1131, 64835, 0, 0, 0, 1717669345.929618
0, 0, 6, 0, 5, 0, 0, 0, 0, 3300, 0, 0, 0, 3172, 0, 118, 11, 186, 30, 340, 250, 0, 0, 0, 0, 341, 170, 280, 343, 0, 3, 0, 0, 1131, 64835, 0, 0, 0, 1717669346.040034
0, 0, 6, 0, 5, 0, 0, 0, 0, 3300, 0, 0, 0, 3172, 0, 118, 11, 186, 30, 340, 250, 0, 0, 0, 0, 341, 170, 280, 343, 0, 3, 0, 0, 1131, 64835, 0, 0, 0, 1717669346.148442
0, 0, 6, 0, 5, 0, 0, 0, 0, 3300, 0, 0, 0, 3169, 0, 118, 11, 186, 30, 340, 250, 0, 0, 0, 0, 341, 170, 280, 343, 0, 3, 0, 0, 1131, 64835, 0, 0, 0, 1717669346.2590349
0, 0, 6, 0, 5, 0, 0, 0, 0, 3300, 0, 0, 0, 3169, 0, 118, 11, 186, 30, 340, 250, 0, 0, 0, 0, 341, 170, 280, 343, 0, 3, 0, 0, 1131, 64835, 0, 0, 0, 1717669346.3700328
0, 0, 6, 0, 5, 0, 0, 0, 0, 3300, 0, 0, 0, 3169, 0, 118, 11, 186, 30, 340, 250, 0, 0, 0, 0, 341, 170, 280, 343, 0, 3, 0, 0, 1131, 64835, 0, 0, 0, 1717669346.4832509
0, 0, 6, 0, 5, 0, 0, 0, 0, 3300, 0, 0, 0, 3169, 0, 118, 11, 186, 30, 340, 250, 0, 0, 0, 0, 341, 170, 280, 343, 0, 3, 0, 0, 1131, 64835, 0, 0, 0, 1717669346.594655
0, 0, 6, 0, 5, 0, 0, 0, 0, 3300, 0, 0, 0, 3166, 0, 118, 11, 191, 30, 338, 247, 0, 0, 0, 0, 341, 170, 281, 343, 0, 3, 0, 0, 1131, 64835, 0, 0, 0, 1717669346.7059782
0, 0, 6, 0, 5, 0, 0, 0, 0, 3300, 0, 0, 0, 3166, 0, 118, 11, 191, 30, 338, 247, 0, 0, 0, 0, 341, 170, 281, 343, 0, 3, 0, 0, 1131, 64835, 0, 0, 0, 1717669346.8189728
0, 0, 6, 0, 5, 0, 0, 0, 0, 3300, 0, 0, 0, 3166, 0, 116, 11, 191, 30, 338, 247, 0, 0, 0, 0, 341, 170, 281, 343, 0, 3, 0, 0, 1131, 64835, 0, 0, 0, 1717669346.9303522
0, 0, 6, 0, 5, 0, 0, 0, 0, 3300, 0, 0, 0, 3166, 0, 116, 11, 191, 30, 338, 247, 0, 0, 0, 0, 341, 170, 281, 343, 0, 3, 0, 0, 1131, 64835, 0, 0, 0, 1717669347.0449998
0, 0, 6, 0, 5, 0, 0, 0, 0, 3300, 0, 0, 0, 3162, 0, 116, 11, 191, 30, 338, 247, 0, 0, 0, 0, 341, 170, 281, 343, 0, 3, 0, 0, 1145, 64835, 0, 0, 0, 1717669347.155822
0, 0, 6, 0, 5, 0, 0, 0, 0, 3300, 0, 0, 0, 3162, 0, 116, 11, 191, 30, 338, 247, 0, 0, 0, 0, 341, 170, 281, 343, 0, 3, 0, 0, 1145, 64835, 0, 0, 0, 1717669347.265792
0, 0, 6, 0, 5, 0, 0, 0, 0, 3300, 0, 0, 0, 3162, 0, 116, 11, 191, 30, 338, 247, 0, 0, 0, 0, 341, 170, 281, 343, 0, 3, 0, 0, 1145, 64835, 0, 0, 0, 1717669347.37306
0, 0, 6, 0, 5, 0, 0, 0, 0, 3300, 0, 0, 0, 3162, 0, 116, 11, 191, 30, 338, 247, 0, 0, 0, 0, 341, 170, 281, 343, 0, 3, 0, 0, 1145, 64835, 0, 0, 0, 1717669347.4848819
0, 0, 6, 0, 5, 0, 0, 0, 0, 3300, 0, 0, 0, 3159, 0, 116, 11, 191, 30, 338, 247, 0, 0, 0, 0, 341, 170, 281, 343, 0, 3, 0, 0, 1145, 64835, 0, 0, 0, 1717669347.595857
0, 0, 6, 0, 5, 0, 0, 0, 0, 3300, 0, 0, 0, 3159, 0, 116, 11, 191, 30, 338, 247, 0, 0, 0, 0, 341, 170, 281, 343, 0, 3, 0, 0, 1145, 64835, 0, 0, 0, 1717669347.7070148
0, 0, 6, 0, 5, 0, 0, 0, 0, 3300, 0, 0, 0, 3159, 0, 116, 11, 191, 30, 338, 247, 0, 0, 0, 0, 341, 170, 281, 343, 0, 3, 0, 0, 1145, 64835, 0, 0, 0, 1717669347.8180742
0, 0, 6, 0, 5, 0, 0, 0, 0, 3300, 0, 0, 0, 3159, 0, 116, 11, 191, 30, 338, 247, 0, 0, 0, 0, 341, 170, 281, 343, 0, 3, 0, 0, 1145, 64835, 0, 0, 0, 1717669347.929579
0, 0, 6, 0, 5, 0, 0, 0, 0, 3300, 0, 0, 0, 3156, 0, 116, 11, 191, 30, 338, 247, 0, 0, 0, 0, 341, 170, 281, 343, 0, 3, 0, 0, 1145, 64835, 0, 0, 0, 1717669348.0404422
0, 0, 6, 0, 5, 0, 0, 0, 0, 3300, 0, 0, 0, 3156, 0, 116, 11, 191, 30, 338, 247, 0, 0, 0, 0, 341, 170, 281, 343, 0, 3, 0, 0, 1145, 64835, 0, 0, 0, 1717669348.1520581
0, 0, 6, 0, 5, 0, 0, 0, 0, 3300, 0, 0, 0, 3156, 0, 116, 11, 191, 30, 338, 247, 0, 0, 0, 0, 341, 170, 281, 343, 0, 3, 0, 0, 1145, 64835, 0, 0, 0, 1717669348.259797
0, 0, 6, 0, 5, 0, 0, 0, 0, 3300, 0, 0, 0, 3156, 0, 116, 11, 191, 30, 338, 247, 0, 0, 0, 0, 341, 170, 281, 343, 0, 3, 0, 0, 1145, 64835, 0, 0, 0, 1717669348.370859
0, 0, 6, 0, 5, 0, 0, 0, 0, 3300, 0, 0, 0, 3153, 0, 115, 11, 193, 30, 343, 254, 0, 0, 0, 0, 341, 170, 279, 344, 0, 3, 0, 0, 1145, 64835, 0, 0, 0, 1717669348.4818711
0, 0, 6, 0, 5, 0, 0, 0, 0, 3300, 0, 0, 0, 3153, 0, 115, 11, 193, 30, 343, 254, 0, 0, 0, 0, 341, 170, 279, 344, 0, 3, 0, 0, 1145, 64835, 0, 0, 0, 1717669348.590336
0, 0, 6, 0, 5, 0, 0, 0, 0, 3300, 0, 0, 0, 3153, 0, 115, 11, 196, 31, 343, 254, 0, 0, 0, 0, 341, 170, 279, 344, 0, 3, 0, 0, 1145, 64835, 0, 0, 0, 1717669348.707102
0, 0, 6, 0, 5, 0, 0, 0, 0, 3300, 0, 0, 0, 3153, 0, 115, 11, 196, 31, 343, 254, 0, 0, 0, 0, 341, 170, 279, 344, 0, 3, 0, 0, 1145, 64835, 0, 0, 0, 1717669348.816745
0, 0, 6, 0, 5, 0, 0, 0, 0, 3300, 0, 0, 0, 3149, 0, 118, 11, 196, 31, 343, 254, 0, 0, 0, 0, 341, 170, 279, 344, 0, 3, 0, 0, 1145, 64835, 0, 0, 0, 1717669348.929603
0, 0, 6, 0, 5, 0, 0, 0, 0, 3300, 0, 0, 0, 3149, 0, 118, 11, 196, 31, 343, 254, 0, 0, 0, 0, 341, 170, 279, 344, 0, 3, 0, 0, 1145, 64835, 0, 0, 0, 1717669349.03952
0, 0, 6, 0, 5, 0, 0, 0, 0, 3300, 0, 0, 0, 3149, 0, 118, 11, 196, 31, 343, 254, 0, 0, 0, 0, 341, 170, 279, 344, 0, 3, 0, 0, 1145, 64835, 0, 0, 0, 1717669349.150267
0, 0, 6, 0, 5, 0, 0, 0, 0, 3300, 0, 0, 0, 3149, 0, 118, 11, 196, 31, 343, 254, 0, 0, 0, 0, 341, 170, 279, 344, 0, 3, 0, 0, 1145, 64835, 0, 0, 0, 1717669349.261556
0, 0, 6, 0, 5, 0, 0, 0, 0, 3300, 0, 0, 0, 3146, 0, 116, 11, 196, 31, 343, 254, 0, 0, 0, 0, 341, 170, 279, 344, 0, 3, 0, 0, 1145, 64835, 0, 0, 0, 1717669349.3718941
0, 0, 6, 0, 5, 0, 0, 0, 0, 3300, 0, 0, 0, 3146, 0, 116, 11, 196, 31, 343, 254, 0, 0, 0, 0, 341, 170, 279, 344, 0, 3, 0, 0, 1145, 64835, 0, 0, 0, 1717669349.482868
0, 0, 6, 0, 5, 0, 0, 0, 0, 3300, 0, 0, 0, 3146, 0, 116, 11, 196, 31, 343, 254, 0, 0, 0, 0, 341, 170, 279, 344, 0, 3, 0, 0, 1145, 64835, 0, 0, 0, 1717669349.594165
0, 0, 6, 0, 5, 0, 0, 0, 0, 3300, 0, 0, 0, 3146, 0, 116, 11, 196, 31, 343, 254, 0, 0, 0, 0, 341, 170, 279, 344, 0, 3, 0, 0, 1145, 64835, 0, 0, 0, 1717669349.705945
0, 0, 6, 0, 5, 0, 0, 0, 0, 3300, 0, 0, 0, 3146, 0, 116, 11, 196, 31, 343, 254, 0, 0, 0, 0, 341, 170, 279, 344, 0, 3, 0, 0, 1145, 64835, 0, 0, 0, 1717669349.816592
0, 0, 6, 0, 5, 0, 0, 0, 0, 3300, 0, 0, 0, 3143, 0, 117, 11, 196, 31, 343, 254, 0, 0, 0, 0, 341, 170, 279, 344, 0, 3, 0, 0, 1145, 64835, 0, 0, 0, 1717669349.92526
0, 0, 6, 0, 5, 0, 0, 0, 0, 3300, 0, 0, 0, 3143, 0, 117, 11, 196, 31, 343, 254, 0, 0, 0, 0, 341, 170, 279, 344, 0, 3, 0, 0, 1145, 64835, 0, 0, 0, 1717669350.036339
0, 0, 6, 0, 5, 0, 0, 0, 0, 3300, 0, 0, 0, 3143, 0, 117, 11, 196, 31, 343, 254, 0, 0, 0, 0, 341, 170, 279, 344, 0, 3, 0, 0, 1145, 64835, 0, 0, 0, 1717669350.145782
0, 0, 6, 0, 5, 0, 0, 0, 0, 3300, 0, 0, 0, 3143, 0, 117, 11, 196, 31, 343, 254, 0, 0, 0, 0, 341, 170, 279, 344, 0, 3, 0, 0, 1145, 64835, 0, 0, 0, 1717669350.256691
0, 0, 6, 0, 5, 0, 0, 0, 0, 3300, 0, 0, 0, 3140, 0, 119, 11, 196, 31, 343, 254, 0, 0, 0, 0, 341, 170, 279, 344, 0, 3, 0, 0, 1145, 64835, 0, 0, 0, 1717669350.3667881
0, 0, 6, 0, 5, 0, 0, 0, 0, 3300, 0, 0, 0, 3140, 0, 119, 11, 196, 31, 343, 254, 0, 0, 0, 0, 341, 170, 279, 344, 0, 3, 0, 0, 1145, 64835, 0, 0, 0, 1717669350.479028
0, 0, 6, 0, 5, 0, 0, 0, 0, 3300, 0, 0, 0, 3140, 0, 119, 11, 196, 31, 343, 254, 0, 0, 0, 0, 341, 170, 279, 344, 0, 3, 0, 0, 1145, 64835, 0, 0, 0, 1717669350.589443
0, 0, 6, 0, 5, 0, 0, 0, 0, 3300, 0, 0, 0, 3140, 0, 119, 11, 196, 31, 343, 254, 0, 0, 0, 0, 341, 170, 279, 344, 0, 3, 0, 0, 1145, 64835, 0, 0, 0, 1717669350.700852
0, 0, 6, 0, 5, 0, 0, 0, 0, 3300, 0, 0, 0, 3137, 0, 119, 11, 200, 30, 343, 254, 0, 0, 0, 0, 341, 171, 279, 342, 0, 3, 0, 0, 1145, 64819, 0, 0, 0, 1717669350.8125792
0, 0, 6, 0, 5, 0, 0, 0, 0, 3300, 0, 0, 0, 3137, 0, 119, 11, 200, 30, 343, 254, 0, 0, 0, 0, 341, 171, 279, 342, 0, 3, 0, 0, 1145, 64819, 0, 0, 0, 1717669350.927556
0, 0, 6, 0, 5, 0, 0, 0, 0, 3300, 0, 0, 0, 3137, 0, 115, 11, 200, 30, 343, 254, 0, 0, 0, 0, 341, 171, 279, 342, 0, 3, 0, 0, 1145, 64819, 0, 0, 0, 1717669351.0421708
0, 0, 6, 0, 5, 0, 0, 0, 0, 3300, 0, 0, 0, 3137, 0, 115, 11, 200, 30, 343, 254, 0, 0, 0, 0, 341, 171, 279, 342, 0, 3, 0, 0, 1145, 64819, 0, 0, 0, 1717669351.151863
0, 0, 6, 0, 5, 0, 0, 0, 0, 3300, 0, 0, 0, 3134, 0, 115, 11, 183, 30, 339, 247, 0, 0, 0, 0, 341, 171, 280, 342, 0, 3, 0, 0, 1145, 64819, 0, 0, 0, 1717669351.262742
0, 0, 6, 0, 5, 0, 0, 0, 0, 3300, 0, 0, 0, 3134, 0, 115, 11, 183, 30, 339, 247, 0, 0, 0, 0, 341, 171, 280, 342, 0, 3, 0, 0, 1145, 64819, 0, 0, 0, 1717669351.380379
0, 0, 6, 0, 5, 0, 0, 0, 0, 3300, 0, 0, 0, 3134, 0, 117, 11, 183, 30, 339, 247, 0, 0, 0, 0, 341, 171, 280, 342, 0, 3, 0, 0, 1145, 64819, 0, 0, 0, 1717669351.4901161
0, 0, 6, 0, 5, 0, 0, 0, 0, 3300, 0, 0, 0, 3134, 0, 117, 11, 183, 30, 339, 247, 0, 0, 0, 0, 341, 171, 280, 342, 0, 3, 0, 0, 1145, 64819, 0, 0, 0, 1717669351.60374
0, 0, 6, 0, 5, 0, 0, 0, 0, 3300, 0, 0, 0, 3131, 0, 117, 11, 183, 30, 339, 247, 0, 0, 0, 0, 341, 171, 280, 342, 0, 3, 0, 0, 1145, 64819, 0, 0, 0, 1717669351.718122
0, 0, 6, 0, 5, 0, 0, 0, 0, 3300, 0, 0, 0, 3131, 0, 117, 11, 183, 30, 339, 247, 0, 0, 0, 0, 341, 171, 280, 342, 0, 3, 0, 0, 1145, 64819, 0, 0, 0, 1717669351.828353
0, 0, 6, 0, 5, 0, 0, 0, 0, 3300, 0, 0, 0, 3131, 0, 116, 11, 183, 30, 339, 247, 0, 0, 0, 0, 341, 171, 280, 342, 0, 3, 0, 0, 1145, 64819, 0, 0, 0, 1717669351.940586
0, 0, 6, 0, 5, 0, 0, 0, 0, 3300, 0, 0, 0, 3131, 0, 116, 11, 183, 30, 339, 247, 0, 0, 0, 0, 341, 171, 280, 342, 0, 3, 0, 0, 1145, 64819, 0, 0, 0, 1717669352.051471
0, 0, 6, 0, 5, 0, 0, 0, 0, 3300, 0, 0, 0, 3127, 0, 116, 11, 183, 30, 339, 247, 0, 0, 0, 0, 341, 171, 280, 342, 0, 3, 0, 0, 1159, 64819, 0, 0, 0, 1717669352.1678112
0, 0, 6, 0, 5, 0, 0, 0, 0, 3300, 0, 0, 0, 3127, 0, 116, 11, 183, 30, 339, 247, 0, 0, 0, 0, 341, 171, 280, 342, 0, 3, 0, 0, 1159, 64819, 0, 0, 0, 1717669352.2791228
0, 0, 6, 0, 5, 0, 0, 0, 0, 3300, 0, 0, 0, 3127, 0, 115, 11, 183, 30, 339, 247, 0, 0, 0, 0, 341, 171, 280, 342, 0, 3, 0, 0, 1159, 64819, 0, 0, 0, 1717669352.396561
0, 0, 6, 0, 5, 0, 0, 0, 0, 3300, 0, 0, 0, 3127, 0, 115, 11, 183, 30, 339, 247, 0, 0, 0, 0, 341, 171, 280, 342, 0, 3, 0, 0, 1159, 64819, 0, 0, 0, 1717669352.508162
0, 0, 6, 0, 5, 0, 0, 0, 0, 3300, 0, 0, 0, 3124, 0, 115, 11, 183, 30, 339, 247, 0, 0, 0, 0, 341, 171, 280, 342, 0, 3, 0, 0, 1159, 64819, 0, 0, 0, 1717669352.621284
0, 0, 6, 0, 5, 0, 0, 0, 0, 3300, 0, 0, 0, 3124, 0, 115, 11, 183, 30, 339, 247, 0, 0, 0, 0, 341, 171, 280, 342, 0, 3, 0, 0, 1159, 64819, 0, 0, 0, 1717669352.7330549
0, 0, 6, 0, 5, 0, 0, 0, 0, 3300, 0, 0, 0, 3124, 0, 115, 11, 183, 30, 339, 247, 0, 0, 0, 0, 341, 171, 280, 342, 0, 3, 0, 0, 1159, 64819, 0, 0, 0, 1717669352.8446238
0, 0, 6, 0, 5, 0, 0, 0, 0, 3300, 0, 0, 0, 3124, 0, 115, 11, 183, 30, 339, 247, 0, 0, 0, 0, 341, 171, 280, 342, 0, 3, 0, 0, 1159, 64819, 0, 0, 0, 1717669352.9555452
0, 0, 6, 0, 5, 0, 0, 0, 0, 3300, 0, 0, 0, 3121, 0, 114, 11, 191, 29, 334, 245, 0, 0, 0, 0, 341, 171, 280, 343, 0, 3, 0, 0, 1159, 64819, 0, 0, 0, 1717669353.0673332
0, 0, 6, 0, 5, 0, 0, 0, 0, 3300, 0, 0, 0, 3121, 0, 114, 11, 191, 29, 334, 245, 0, 0, 0, 0, 341, 171, 280, 343, 0, 3, 0, 0, 1159, 64819, 0, 0, 0, 1717669353.177567
0, 0, 6, 0, 5, 0, 0, 0, 0, 3300, 0, 0, 0, 3121, 0, 114, 11, 191, 29, 334, 245, 0, 0, 0, 0, 341, 171, 280, 343, 0, 3, 0, 0, 1159, 64819, 0, 0, 0, 1717669353.287426
0, 0, 6, 0, 5, 0, 0, 0, 0, 3300, 0, 0, 0, 3121, 0, 114, 11, 191, 29, 334, 245, 0, 0, 0, 0, 341, 171, 280, 343, 0, 3, 0, 0, 1159, 64819, 0, 0, 0, 1717669353.397943
0, 0, 6, 0, 5, 0, 0, 0, 0, 3300, 0, 0, 0, 3121, 0, 114, 11, 191, 29, 334, 245, 0, 0, 0, 0, 341, 171, 280, 343, 0, 3, 0, 0, 1159, 64819, 0, 0, 0, 1717669353.504834
0, 0, 6, 0, 5, 0, 0, 0, 0, 3300, 0, 0, 0, 3117, 0, 116, 11, 189, 30, 340, 254, 0, 0, 0, 0, 341, 170, 280, 343, 0, 3, 0, 0, 1159, 64819, 0, 0, 0, 1717669353.6216278
0, 0, 6, 0, 5, 0, 0, 0, 0, 3300, 0, 0, 0, 3117, 0, 116, 11, 189, 30, 340, 254, 0, 0, 0, 0, 341, 170, 280, 343, 0, 3, 0, 0, 1159, 64819, 0, 0, 0, 1717669353.734338
0, 0, 6, 0, 5, 0, 0, 0, 0, 3300, 0, 0, 0, 3117, 0, 116, 11, 189, 30, 340, 254, 0, 0, 0, 0, 341, 170, 280, 343, 0, 3, 0, 0, 1159, 64819, 0, 0, 0, 1717669353.844925
0, 0, 6, 0, 5, 0, 0, 0, 0, 3300, 0, 0, 0, 3117, 0, 116, 11, 189, 30, 340, 254, 0, 0, 0, 0, 341, 170, 280, 343, 0, 3, 0, 0, 1159, 64819, 0, 0, 0, 1717669353.955128
0, 0, 6, 0, 5, 0, 0, 0, 0, 3300, 0, 0, 0, 3114, 0, 115, 11, 189, 30, 340, 254, 0, 0, 0, 0, 341, 170, 280, 343, 0, 3, 0, 0, 1159, 64819, 0, 0, 0, 1717669354.066654
0, 0, 6, 0, 5, 0, 0, 0, 0, 3300, 0, 0, 0, 3114, 0, 115, 11, 189, 30, 340, 254, 0, 0, 0, 0, 341, 170, 280, 343, 0, 3, 0, 0, 1159, 64819, 0, 0, 0, 1717669354.183406
0, 0, 6, 0, 5, 0, 0, 0, 0, 3300, 0, 0, 0, 3114, 0, 115, 11, 189, 30, 340, 254, 1, 0, 0, 0, 341, 170, 280, 343, 0, 3, 0, 0, 1159, 64819, 138, 0, 0, 1717669354.29518
0, 0, 6, 0, 5, 0, 0, 0, 0, 3300, 0, 0, 0, 3114, 0, 115, 11, 189, 30, 340, 254, 1, 0, 0, 0, 341, 170, 280, 343, 0, 3, 0, 0, 1159, 64819, 138, 0, 0, 1717669354.407861
0, 0, 6, 0, 5, 0, 0, 0, 0, 3300, 0, 0, 0, 3111, 0, 115, 11, 189, 30, 340, 254, 1, 0, 0, 0, 341, 170, 280, 343, 0, 3, 0, 0, 1159, 64819, 138, 0, 0, 1717669354.519852
0, 0, 6, 0, 5, 0, 0, 0, 0, 3300, 0, 0, 0, 3111, 0, 115, 11, 189, 30, 340, 254, 1, 0, 0, 0, 341, 170, 280, 343, 0, 3, 0, 0, 1159, 64819, 138, 0, 0, 1717669354.629281
0, 0, 6, 0, 5, 0, 0, 0, 0, 3300, 0, 0, 0, 3111, 0, 114, 11, 189, 30, 340, 254, 0, 0, 0, 0, 341, 170, 280, 343, 0, 3, 0, 0, 1159, 64819, 0, 0, 0, 1717669354.740148
0, 0, 6, 0, 5, 0, 0, 0, 0, 3300, 0, 0, 0, 3111, 0, 114, 11, 189, 30, 340, 254, 0, 0, 0, 0, 341, 170, 280, 343, 0, 3, 0, 0, 1159, 64819, 0, 0, 0, 1717669354.8508549
0, 0, 6, 0, 5, 0, 0, 0, 0, 3300, 0, 0, 0, 3107, 0, 116, 11, 189, 30, 340, 254, 0, 0, 0, 0, 341, 170, 280, 343, 0, 3, 0, 0, 1159, 64819, 0, 0, 0, 1717669354.960593
0, 0, 6, 0, 5, 0, 0, 0, 0, 3300, 0, 0, 0, 3107, 0, 116, 11, 189, 30, 340, 254, 0, 0, 0, 0, 341, 170, 280, 343, 0, 3, 0, 0, 1159, 64819, 0, 0, 0, 1717669355.070647
0, 0, 6, 0, 5, 0, 0, 0, 0, 3300, 0, 0, 0, 3107, 0, 116, 11, 189, 30, 340, 254, 0, 0, 0, 0, 341, 170, 280, 343, 0, 3, 0, 0, 1159, 64819, 0, 0, 0, 1717669355.1800919
0, 0, 6, 0, 5, 0, 0, 0, 0, 3300, 0, 0, 0, 3107, 0, 116, 11, 189, 30, 340, 254, 0, 0, 0, 0, 341, 170, 280, 343, 0, 3, 0, 0, 1159, 64819, 0, 0, 0, 1717669355.29109
0, 0, 6, 0, 5, 0, 0, 0, 0, 3300, 0, 0, 0, 3104, 0, 116, 11, 201, 30, 344, 253, 0, 0, 0, 0, 341, 171, 280, 343, 0, 3, 0, 0, 1159, 64819, 0, 0, 0, 1717669355.403019
0, 0, 6, 0, 5, 0, 0, 0, 0, 3300, 0, 0, 0, 3104, 0, 116, 11, 201, 30, 344, 253, 0, 0, 0, 0, 341, 171, 280, 343, 0, 3, 0, 0, 1159, 64819, 0, 0, 0, 1717669355.513765
0, 0, 6, 0, 5, 0, 0, 0, 0, 3300, 0, 0, 0, 3104, 0, 115, 11, 201, 30, 344, 253, 0, 0, 0, 0, 341, 171, 280, 343, 0, 3, 0, 0, 1159, 64819, 0, 0, 0, 1717669355.622762
0, 0, 6, 0, 5, 0, 0, 0, 0, 3300, 0, 0, 0, 3104, 0, 115, 11, 201, 30, 344, 253, 0, 0, 0, 0, 341, 171, 280, 343, 0, 3, 0, 0, 1159, 64819, 0, 0, 0, 1717669355.733493
0, 0, 6, 0, 5, 0, 0, 0, 0, 3300, 0, 0, 0, 3101, 0, 115, 11, 201, 30, 344, 253, 0, 0, 0, 0, 341, 171, 280, 343, 0, 3, 0, 0, 1159, 64819, 0, 0, 0, 1717669355.8479118
0, 0, 6, 0, 5, 0, 0, 0, 0, 3300, 0, 0, 0, 3101, 0, 115, 11, 201, 30, 344, 253, 0, 0, 0, 0, 341, 171, 280, 343, 0, 3, 0, 0, 1159, 64819, 0, 0, 0, 1717669355.9573371
0, 0, 6, 0, 5, 0, 0, 0, 0, 3300, 0, 0, 0, 3101, 0, 115, 11, 201, 30, 344, 253, 0, 0, 0, 0, 341, 171, 280, 343, 0, 3, 0, 0, 1159, 64819, 0, 0, 0, 1717669356.0692658
0, 0, 6, 0, 5, 0, 0, 0, 0, 3300, 0, 0, 0, 3101, 0, 115, 11, 201, 30, 344, 253, 0, 0, 0, 0, 341, 171, 280, 343, 0, 3, 0, 0, 1159, 64819, 0, 0, 0, 1717669356.179008
0, 0, 6, 0, 5, 0, 0, 0, 0, 3300, 0, 0, 0, 3098, 0, 115, 11, 201, 30, 344, 253, 0, 0, 0, 0, 341, 171, 280, 343, 0, 3, 0, 0, 1159, 64819, 0, 0, 0, 1717669356.293758
0, 0, 6, 0, 5, 0, 0, 0, 0, 3300, 0, 0, 0, 3098, 0, 115, 11, 201, 30, 344, 253, 0, 0, 0, 0, 341, 171, 280, 343, 0, 3, 0, 0, 1159, 64819, 0, 0, 0, 1717669356.401697
0, 0, 6, 0, 5, 0, 0, 0, 0, 3300, 0, 0, 0, 3098, 0, 115, 11, 201, 30, 344, 253, 0, 0, 0, 0, 341, 171, 280, 343, 0, 3, 0, 0, 1159, 64819, 0, 0, 0, 1717669356.518841
0, 0, 6, 0, 5, 0, 0, 0, 0, 3300, 0, 0, 0, 3098, 0, 112, 11, 201, 30, 344, 253, 0, 0, 0, 0, 341, 171, 280, 343, 0, 3, 0, 0, 1159, 64819, 0, 0, 0, 1717669356.631725
0, 0, 6, 0, 5, 0, 0, 0, 0, 3300, 0, 0, 0, 3098, 0, 112, 11, 201, 30, 344, 253, 0, 0, 0, 0, 341, 171, 280, 343, 0, 3, 0, 0, 1159, 64819, 0, 0, 0, 1717669356.743936
0, 0, 6, 0, 5, 0, 0, 0, 0, 3300, 0, 0, 0, 3095, 0, 112, 11, 201, 30, 344, 253, 0, 0, 0, 0, 341, 171, 280, 343, 0, 3, 0, 0, 1159, 64819, 0, 0, 0, 1717669356.855223
0, 0, 6, 0, 5, 0, 0, 0, 0, 3300, 0, 0, 0, 3095, 0, 112, 11, 201, 30, 344, 253, 0, 0, 0, 0, 341, 171, 280, 343, 0, 3, 0, 0, 1159, 64819, 0, 0, 0, 1717669356.966722
0, 0, 6, 0, 5, 0, 0, 0, 0, 3300, 0, 0, 0, 3095, 0, 113, 11, 201, 30, 344, 253, 0, 0, 0, 0, 341, 171, 280, 343, 0, 3, 0, 0, 1159, 64819, 0, 0, 0, 1717669357.079746
0, 0, 6, 0, 5, 0, 0, 0, 0, 3300, 0, 0, 0, 3095, 0, 113, 11, 201, 30, 344, 253, 0, 0, 0, 0, 341, 171, 280, 343, 0, 3, 0, 0, 1159, 64819, 0, 0, 0, 1717669357.191595
0, 0, 6, 0, 5, 0, 0, 0, 0, 3300, 0, 0, 0, 3091, 0, 113, 11, 201, 30, 344, 253, 1, 0, 0, 0, 341, 171, 280, 343, 0, 3, 0, 0, 1159, 64819, 83, 0, 0, 1717669357.302567
0, 0, 6, 0, 5, 0, 0, 0, 0, 3300, 0, 0, 0, 3091, 0, 113, 11, 201, 30, 344, 253, 1, 0, 0, 0, 341, 171, 280, 343, 0, 3, 0, 0, 1159, 64819, 83, 0, 0, 1717669357.412587
0, 0, 6, 0, 5, 0, 0, 0, 0, 3300, 0, 0, 0, 3088, 0, 113, 11, 201, 30, 344, 253, 1, 0, 0, 0, 341, 171, 280, 343, 0, 3, 0, 0, 1159, 64819, 83, 0, 0, 1717669357.523104
0, 0, 6, 0, 5, 0, 0, 0, 0, 3300, 0, 0, 0, 3088, 0, 117, 11, 201, 30, 344, 253, 0, 0, 0, 0, 341, 171, 280, 343, 0, 3, 0, 0, 1159, 64819, 0, 0, 0, 1717669357.6364381
0, 0, 6, 0, 5, 0, 0, 0, 0, 3300, 0, 0, 0, 3088, 0, 117, 11, 201, 30, 344, 253, 0, 0, 0, 0, 341, 171, 280, 343, 0, 3, 0, 0, 1159, 64819, 0, 0, 0, 1717669357.746389
0, 0, 6, 0, 5, 0, 0, 0, 0, 3300, 0, 0, 0, 3088, 0, 117, 11, 201, 30, 344, 253, 0, 0, 0, 0, 341, 171, 280, 343, 0, 3, 0, 0, 1159, 64819, 0, 0, 0, 1717669357.853665
0, 0, 6, 0, 5, 0, 0, 0, 0, 3300, 0, 0, 0, 3088, 0, 117, 11, 201, 30, 344, 253, 0, 0, 0, 0, 341, 171, 280, 343, 0, 3, 0, 0, 1159, 64819, 0, 0, 0, 1717669357.965733
0, 0, 6, 0, 5, 0, 0, 0, 0, 3300, 0, 0, 0, 3088, 0, 117, 11, 201, 30, 344, 253, 0, 0, 0, 0, 341, 171, 280, 343, 0, 3, 0, 0, 1159, 64819, 0, 0, 0, 1717669358.0802372
0, 0, 6, 0, 5, 0, 0, 0, 0, 3300, 0, 0, 0, 3088, 0, 113, 11, 193, 31, 339, 249, 0, 0, 0, 0, 341, 171, 280, 343, 0, 3, 0, 0, 1159, 64819, 0, 0, 0, 1717669358.197623
0, 0, 6, 0, 5, 0, 0, 0, 0, 3300, 0, 0, 0, 3085, 0, 113, 11, 193, 31, 339, 249, 0, 0, 0, 0, 341, 171, 280, 343, 0, 3, 0, 0, 1159, 64819, 0, 0, 0, 1717669358.3062148
0, 0, 6, 0, 5, 0, 0, 0, 0, 3300, 0, 0, 0, 3085, 0, 113, 11, 193, 31, 334, 246, 0, 0, 0, 0, 341, 171, 280, 343, 0, 3, 0, 0, 1159, 64819, 0, 0, 0, 1717669358.422582
0, 0, 6, 0, 5, 0, 0, 0, 0, 3300, 0, 0, 0, 3082, 0, 113, 11, 193, 31, 334, 246, 0, 0, 0, 0, 341, 171, 280, 343, 0, 3, 0, 0, 1159, 64819, 0, 0, 0, 1717669358.531913
0, 0, 6, 0, 5, 0, 0, 0, 0, 3300, 0, 0, 0, 3082, 0, 113, 11, 193, 31, 334, 246, 0, 0, 0, 0, 341, 171, 280, 343, 0, 3, 0, 0, 1173, 64819, 0, 0, 0, 1717669358.641718
0, 0, 6, 0, 5, 0, 0, 0, 0, 3300, 0, 0, 0, 3082, 0, 117, 11, 193, 31, 334, 246, 0, 0, 0, 0, 341, 171, 280, 343, 0, 3, 0, 0, 1173, 64819, 0, 0, 0, 1717669358.750221
0, 0, 6, 0, 5, 0, 0, 0, 0, 3300, 0, 0, 0, 3082, 0, 117, 11, 193, 31, 334, 246, 0, 0, 0, 0, 341, 171, 280, 343, 0, 3, 0, 0, 1173, 64819, 0, 0, 0, 1717669358.862758
0, 0, 6, 0, 5, 0, 0, 0, 0, 3300, 0, 0, 0, 3078, 0, 117, 11, 193, 31, 334, 246, 0, 0, 0, 0, 341, 171, 280, 343, 0, 3, 0, 0, 1173, 64819, 0, 0, 0, 1717669358.972789
0, 0, 6, 0, 5, 0, 0, 0, 0, 3300, 0, 0, 0, 3078, 0, 117, 11, 193, 31, 334, 246, 0, 0, 0, 0, 341, 171, 280, 343, 0, 3, 0, 0, 1173, 64819, 0, 0, 0, 1717669359.0856671
0, 0, 6, 0, 5, 0, 0, 0, 0, 3300, 0, 0, 0, 3078, 0, 114, 10, 193, 31, 334, 246, 0, 0, 0, 0, 341, 171, 280, 343, 0, 3, 0, 0, 1173, 64819, 0, 0, 0, 1717669359.196918
0, 0, 6, 0, 5, 0, 0, 0, 0, 3300, 0, 0, 0, 3078, 0, 114, 10, 193, 31, 334, 246, 0, 0, 0, 0, 341, 171, 280, 343, 0, 3, 0, 0, 1173, 64819, 0, 0, 0, 1717669359.303078
0, 0, 6, 0, 5, 0, 0, 0, 0, 3300, 0, 0, 0, 3075, 0, 114, 10, 193, 31, 334, 246, 0, 0, 0, 0, 341, 171, 280, 343, 0, 3, 0, 0, 1173, 64819, 0, 0, 0, 1717669359.412578
0, 0, 6, 0, 5, 0, 0, 0, 0, 3300, 0, 0, 0, 3075, 0, 114, 10, 193, 31, 334, 246, 0, 0, 0, 0, 341, 171, 280, 343, 0, 3, 0, 0, 1173, 64819, 0, 0, 0, 1717669359.523476
0, 0, 6, 0, 5, 0, 0, 0, 0, 3300, 0, 0, 0, 3075, 0, 113, 10, 193, 31, 334, 246, 0, 0, 0, 0, 341, 171, 280, 343, 0, 3, 0, 0, 1173, 64819, 0, 0, 0, 1717669359.634565
0, 0, 6, 0, 5, 0, 0, 0, 0, 3300, 0, 0, 0, 3075, 0, 113, 10, 193, 31, 334, 246, 0, 0, 0, 0, 341, 171, 280, 343, 0, 3, 0, 0, 1173, 64819, 0, 0, 0, 1717669359.74602
0, 0, 6, 0, 5, 0, 0, 0, 0, 3300, 0, 0, 0, 3075, 0, 113, 10, 193, 31, 334, 246, 0, 0, 0, 0, 341, 171, 280, 343, 0, 3, 0, 0, 1173, 64819, 0, 0, 0, 1717669359.85685
0, 0, 6, 0, 5, 0, 0, 0, 0, 3300, 0, 0, 0, 3075, 0, 113, 10, 193, 31, 334, 246, 0, 0, 0, 0, 341, 171, 280, 343, 0, 3, 0, 0, 1173, 64819, 0, 0, 0, 1717669359.9671822
0, 0, 6, 0, 5, 0, 0, 0, 0, 3300, 0, 0, 0, 3072, 0, 113, 10, 198, 32, 346, 254, 1, 0, 0, 0, 341, 171, 279, 342, 0, 3, 0, 0, 1173, 64819, 79, 0, 0, 1717669360.079982
0, 0, 6, 0, 5, 0, 0, 0, 0, 3300, 0, 0, 0, 3072, 0, 113, 10, 198, 32, 346, 254, 1, 0, 0, 0, 341, 171, 279, 342, 0, 3, 0, 0, 1173, 64819, 79, 0, 0, 1717669360.191607
0, 0, 6, 0, 5, 0, 0, 0, 0, 3300, 0, 0, 0, 3068, 0, 116, 10, 198, 32, 347, 255, 1, 0, 0, 0, 341, 171, 278, 342, 0, 3, 0, 0, 1173, 64819, 79, 0, 0, 1717669360.303654
0, 0, 6, 0, 5, 0, 0, 0, 0, 3300, 0, 0, 0, 3068, 0, 116, 10, 198, 32, 347, 255, 1, 0, 0, 0, 341, 171, 278, 342, 0, 3, 0, 0, 1173, 64819, 79, 0, 0, 1717669360.419798
0, 0, 6, 0, 5, 0, 0, 0, 0, 3300, 0, 0, 0, 3068, 0, 116, 10, 198, 32, 347, 255, 1, 0, 0, 0, 341, 171, 278, 342, 0, 3, 0, 0, 1173, 64819, 79, 0, 0, 1717669360.5304651
0, 0, 6, 0, 5, 0, 0, 0, 0, 3300, 0, 0, 0, 3068, 0, 116, 10, 198, 32, 347, 255, 1, 0, 0, 0, 341, 171, 278, 342, 0, 3, 0, 0, 1173, 64819, 79, 0, 0, 1717669360.6428149
0, 0, 6, 0, 5, 0, 0, 0, 0, 3300, 0, 0, 0, 3065, 0, 115, 11, 198, 32, 347, 255, 0, 0, 0, 0, 341, 171, 278, 342, 0, 3, 0, 0, 1173, 64819, 0, 0, 0, 1717669360.754074
0, 0, 6, 0, 5, 0, 0, 0, 0, 3300, 0, 0, 0, 3065, 0, 115, 11, 198, 32, 347, 255, 0, 0, 0, 0, 341, 171, 278, 342, 0, 3, 0, 0, 1173, 64819, 0, 0, 0, 1717669360.864993
0, 0, 6, 0, 5, 0, 0, 0, 0, 3300, 0, 0, 0, 3065, 0, 115, 11, 198, 32, 347, 255, 0, 0, 0, 0, 341, 171, 278, 342, 0, 3, 0, 0, 1173, 64819, 0, 0, 0, 1717669360.9758132
0, 0, 6, 0, 5, 0, 0, 0, 0, 3300, 0, 0, 0, 3065, 0, 115, 11, 198, 32, 347, 255, 0, 0, 0, 0, 341, 171, 278, 342, 0, 3, 0, 0, 1173, 64819, 0, 0, 0, 1717669361.086379
0, 0, 6, 0, 5, 0, 0, 0, 0, 3300, 0, 0, 0, 3062, 0, 115, 11, 198, 32, 347, 255, 0, 0, 0, 0, 341, 171, 278, 342, 0, 3, 0, 0, 1173, 64819, 0, 0, 0, 1717669361.196173
0, 0, 6, 0, 5, 0, 0, 0, 0, 3300, 0, 0, 0, 3062, 0, 115, 11, 198, 32, 347, 255, 0, 0, 0, 0, 341, 171, 278, 342, 0, 3, 0, 0, 1173, 64819, 0, 0, 0, 1717669361.310536
0, 0, 6, 0, 5, 0, 0, 0, 0, 3300, 0, 0, 0, 3062, 0, 113, 11, 198, 32, 347, 255, 0, 0, 0, 0, 341, 171, 278, 342, 0, 3, 0, 0, 1173, 64819, 0, 0, 0, 1717669361.4219468
0, 0, 6, 0, 5, 0, 0, 0, 0, 3300, 0, 0, 0, 3062, 0, 113, 11, 198, 32, 347, 255, 0, 0, 0, 0, 341, 171, 278, 342, 0, 3, 0, 0, 1173, 64819, 0, 0, 0, 1717669361.5351539
0, 0, 6, 0, 5, 0, 0, 0, 0, 3300, 0, 0, 0, 3062, 0, 113, 11, 198, 32, 347, 255, 0, 0, 0, 0, 341, 171, 278, 342, 0, 3, 0, 0, 1173, 64819, 0, 0, 0, 1717669361.648658
0, 0, 6, 0, 5, 0, 0, 0, 0, 3300, 0, 0, 0, 3062, 0, 113, 11, 198, 32, 347, 255, 0, 0, 0, 0, 341, 171, 278, 342, 0, 3, 0, 0, 1173, 64819, 0, 0, 0, 1717669361.766412
0, 0, 6, 0, 5, 0, 0, 0, 0, 3300, 0, 0, 0, 3059, 0, 118, 10, 211, 32, 343, 254, 0, 0, 0, 0, 340, 171, 280, 344, 0, 3, 0, 0, 1173, 64819, 0, 0, 0, 1717669361.878728
0, 0, 6, 0, 5, 0, 0, 0, 0, 3300, 0, 0, 0, 3059, 0, 118, 10, 211, 32, 343, 254, 0, 0, 0, 0, 340, 171, 280, 344, 0, 3, 0, 0, 1173, 64819, 0, 0, 0, 1717669361.989962
0, 0, 6, 0, 5, 0, 0, 0, 0, 3300, 0, 0, 0, 3056, 0, 118, 10, 211, 32, 334, 245, 0, 0, 0, 0, 341, 170, 280, 343, 0, 3, 0, 0, 1173, 64819, 0, 0, 0, 1717669362.095982
0, 0, 6, 0, 5, 0, 0, 0, 0, 3300, 0, 0, 0, 3056, 0, 118, 10, 211, 32, 334, 245, 0, 0, 0, 0, 341, 170, 280, 343, 0, 3, 0, 0, 1173, 64819, 0, 0, 0, 1717669362.21441
0, 0, 6, 0, 5, 0, 0, 0, 0, 3300, 0, 0, 0, 3056, 0, 114, 11, 211, 32, 334, 245, 0, 0, 0, 0, 341, 170, 280, 343, 0, 3, 0, 0, 1173, 64802, 0, 0, 0, 1717669362.330104
0, 0, 6, 0, 5, 0, 0, 0, 0, 3300, 0, 0, 0, 3056, 0, 114, 11, 211, 32, 334, 245, 0, 0, 0, 0, 341, 170, 280, 343, 0, 3, 0, 0, 1173, 64802, 0, 0, 0, 1717669362.44498
0, 0, 6, 0, 5, 0, 0, 0, 0, 3300, 0, 0, 0, 3052, 0, 114, 11, 211, 32, 334, 245, 0, 0, 0, 0, 341, 170, 280, 343, 0, 3, 0, 0, 1173, 64802, 0, 0, 0, 1717669362.556792
0, 0, 6, 0, 5, 0, 0, 0, 0, 3300, 0, 0, 0, 3052, 0, 114, 11, 211, 32, 334, 245, 0, 0, 0, 0, 341, 170, 280, 343, 0, 3, 0, 0, 1173, 64802, 0, 0, 0, 1717669362.669755
0, 0, 6, 0, 5, 0, 0, 0, 0, 3300, 0, 0, 0, 3052, 0, 114, 11, 211, 32, 334, 245, 0, 0, 0, 0, 341, 170, 280, 343, 0, 3, 0, 0, 1173, 64802, 0, 0, 0, 1717669362.779368
0, 0, 6, 0, 5, 0, 0, 0, 0, 3300, 0, 0, 0, 3052, 0, 114, 11, 211, 32, 334, 245, 0, 0, 0, 0, 341, 170, 280, 343, 0, 3, 0, 0, 1173, 64802, 0, 0, 0, 1717669362.890365
0, 0, 6, 0, 5, 0, 0, 0, 0, 3300, 0, 0, 0, 3049, 0, 114, 11, 211, 32, 334, 245, 0, 0, 0, 0, 341, 170, 280, 343, 0, 3, 0, 0, 1173, 64802, 0, 0, 0, 1717669363.001408
0, 0, 6, 0, 5, 0, 0, 0, 0, 3300, 0, 0, 0, 3049, 0, 114, 11, 211, 32, 334, 245, 0, 0, 0, 0, 341, 170, 280, 343, 0, 3, 0, 0, 1173, 64802, 0, 0, 0, 1717669363.110692
0, 0, 6, 0, 5, 0, 0, 0, 0, 3300, 0, 0, 0, 3049, 0, 116, 11, 211, 32, 334, 245, 0, 0, 0, 0, 341, 170, 280, 343, 0, 3, 0, 0, 1173, 64802, 0, 0, 0, 1717669363.230487
0, 0, 6, 0, 5, 0, 0, 0, 0, 3300, 0, 0, 0, 3049, 0, 116, 11, 211, 32, 334, 245, 0, 0, 0, 0, 341, 170, 280, 343, 0, 3, 0, 0, 1173, 64802, 0, 0, 0, 1717669363.3456068
0, 0, 6, 0, 5, 0, 0, 0, 0, 3300, 0, 0, 0, 3049, 0, 116, 11, 211, 32, 334, 245, 0, 0, 0, 0, 341, 170, 280, 343, 0, 3, 0, 0, 1173, 64802, 0, 0, 0, 1717669363.457546
0, 0, 6, 0, 5, 0, 0, 0, 0, 3300, 0, 0, 0, 3049, 0, 116, 11, 211, 32, 334, 245, 0, 0, 0, 0, 341, 170, 280, 343, 0, 3, 0, 0, 1173, 64802, 0, 0, 0, 1717669363.564186
0, 0, 6, 0, 5, 0, 0, 0, 0, 3300, 0, 0, 0, 3046, 0, 116, 11, 182, 29, 332, 242, 0, 0, 0, 0, 341, 170, 280, 344, 0, 3, 0, 0, 1173, 64802, 0, 0, 0, 1717669363.673954
0, 0, 6, 0, 5, 0, 0, 0, 0, 3300, 0, 0, 0, 3046, 0, 116, 11, 182, 29, 332, 242, 0, 0, 0, 0, 341, 170, 280, 344, 0, 3, 0, 0, 1173, 64802, 0, 0, 0, 1717669363.785752
0, 0, 6, 0, 5, 0, 0, 0, 0, 3300, 0, 0, 0, 3042, 0, 116, 11, 182, 29, 343, 253, 0, 0, 0, 0, 341, 170, 279, 342, 0, 3, 0, 0, 1173, 64802, 0, 0, 0, 1717669363.896592
0, 0, 6, 0, 5, 0, 0, 0, 0, 3300, 0, 0, 0, 3042, 0, 116, 11, 182, 29, 343, 253, 0, 0, 0, 0, 341, 170, 279, 342, 0, 3, 0, 0, 1173, 64802, 0, 0, 0, 1717669364.0078888
0, 0, 6, 0, 5, 0, 0, 0, 0, 3300, 0, 0, 0, 3042, 0, 116, 11, 182, 29, 343, 253, 0, 0, 0, 0, 341, 170, 279, 342, 0, 3, 0, 0, 1187, 64802, 0, 0, 0, 1717669364.11968
0, 0, 6, 0, 5, 0, 0, 0, 0, 3300, 0, 0, 0, 3042, 0, 116, 11, 182, 29, 343, 253, 0, 0, 0, 0, 341, 170, 279, 342, 0, 3, 0, 0, 1187, 64802, 0, 0, 0, 1717669364.22667
0, 0, 6, 0, 5, 0, 0, 0, 0, 3300, 0, 0, 0, 3039, 0, 114, 11, 182, 29, 343, 253, 0, 0, 0, 0, 341, 170, 279, 342, 0, 3, 0, 0, 1187, 64802, 0, 0, 0, 1717669364.338172
0, 0, 6, 0, 5, 0, 0, 0, 0, 3300, 0, 0, 0, 3039, 0, 114, 11, 182, 29, 343, 253, 0, 0, 0, 0, 341, 170, 279, 342, 0, 3, 0, 0, 1187, 64802, 0, 0, 0, 1717669364.446526
0, 0, 6, 0, 5, 0, 0, 0, 0, 3300, 0, 0, 0, 3039, 0, 114, 11, 182, 29, 343, 253, 0, 0, 0, 0, 341, 170, 279, 342, 0, 3, 0, 0, 1187, 64802, 0, 0, 0, 1717669364.5566778
0, 0, 6, 0, 5, 0, 0, 0, 0, 3300, 0, 0, 0, 3039, 0, 114, 11, 182, 29, 343, 253, 0, 0, 0, 0, 341, 170, 279, 342, 0, 3, 0, 0, 1187, 64802, 0, 0, 0, 1717669364.66568
0, 0, 6, 0, 5, 0, 0, 0, 0, 3300, 0, 0, 0, 3039, 0, 114, 11, 182, 29, 343, 253, 0, 0, 0, 0, 341, 170, 279, 342, 0, 3, 0, 0, 1187, 64802, 0, 0, 0, 1717669364.77667
0, 0, 6, 0, 5, 0, 0, 0, 0, 3300, 0, 0, 0, 3036, 0, 118, 11, 182, 29, 343, 253, 0, 0, 0, 0, 341, 170, 279, 342, 0, 3, 0, 0, 1187, 64802, 0, 0, 0, 1717669364.890055
0, 0, 6, 0, 5, 0, 0, 0, 0, 3300, 0, 0, 0, 3036, 0, 118, 11, 182, 29, 343, 253, 0, 0, 0, 0, 341, 170, 279, 342, 0, 3, 0, 0, 1187, 64802, 0, 0, 0, 1717669364.9959848
0, 0, 6, 0, 5, 0, 0, 0, 0, 3300, 0, 0, 0, 3036, 0, 118, 11, 182, 29, 343, 253, 0, 0, 0, 0, 341, 170, 279, 342, 0, 3, 0, 0, 1187, 64802, 0, 0, 0, 1717669365.105271
0, 0, 6, 0, 5, 0, 0, 0, 0, 3300, 0, 0, 0, 3036, 0, 118, 11, 182, 29, 343, 253, 0, 0, 0, 0, 341, 170, 279, 342, 0, 3, 0, 0, 1187, 64802, 0, 0, 0, 1717669365.222336
0, 0, 6, 0, 5, 0, 0, 0, 0, 3300, 0, 0, 0, 3033, 0, 113, 11, 182, 29, 343, 253, 0, 0, 0, 0, 341, 170, 279, 342, 0, 3, 0, 0, 1187, 64802, 0, 0, 0, 1717669365.3304949
0, 0, 6, 0, 5, 0, 0, 0, 0, 3300, 0, 0, 0, 3033, 0, 113, 11, 182, 29, 343, 253, 0, 0, 0, 0, 341, 170, 279, 342, 0, 3, 0, 0, 1187, 64802, 0, 0, 0, 1717669365.4403489
