0, 0, 6, 0, 5, 0, 0, 0, 0, 3300, 0, 0, 0, 3489, 0, 0, 0, 266, 42, 65, 94, 0, 0, 0, 65226, 343, 187, 307, 313, 0, 1, 0, 0, 0, 64936, 0, 0, 0, 1718185061.465176
0, 0, 6, 0, 5, 0, 0, 0, 0, 3300, 0, 0, 0, 3489, 0, 0, 0, 265, 42, 56, 84, 0, 0, 0, 65226, 343, 187, 308, 313, 0, 1, 0, 0, 0, 64936, 0, 0, 0, 1718185061.5770712
0, 0, 6, 0, 5, 0, 0, 0, 0, 3300, 0, 0, 0, 3489, 0, 0, 0, 265, 42, 56, 84, 0, 0, 0, 65226, 343, 187, 308, 313, 0, 1, 0, 0, 0, 64936, 0, 0, 0, 1718185061.6959841
0, 0, 6, 0, 5, 0, 0, 0, 0, 3300, 0, 0, 0, 3489, 0, 0, 0, 265, 42, 56, 84, 0, 0, 0, 65226, 343, 187, 308, 313, 0, 1, 0, 0, 0, 64936, 0, 0, 0, 1718185061.805818
0, 0, 6, 0, 5, 0, 0, 0, 0, 3300, 0, 0, 0, 3489, 0, 0, 0, 265, 42, 56, 84, 0, 0, 0, 65226, 343, 187, 308, 313, 0, 1, 0, 0, 0, 64936, 0, 0, 0, 1718185061.914882
0, 0, 6, 0, 5, 0, 0, 0, 0, 3300, 0, 0, 0, 3489, 0, 0, 0, 265, 42, 56, 84, 0, 0, 0, 65226, 343, 187, 308, 313, 0, 1, 0, 0, 0, 64936, 0, 0, 0, 1718185062.0244422
0, 0, 6, 0, 5, 0, 0, 0, 0, 3300, 0, 0, 0, 3489, 0, 0, 0, 264, 42, 56, 87, 0, 0, 0, 65226, 342, 187, 308, 313, 0, 1, 0, 0, 0, 64936, 0, 0, 0, 1718185062.134449
0, 0, 6, 0, 5, 0, 0, 0, 0, 3300, 0, 0, 0, 3489, 0, 0, 0, 264, 42, 56, 87, 0, 0, 0, 65226, 342, 187, 308, 313, 0, 1, 0, 0, 0, 64936, 0, 0, 0, 1718185062.2488582
0, 0, 6, 0, 5, 0, 0, 0, 0, 3300, 0, 0, 0, 3489, 0, 0, 0, 264, 42, 56, 87, 0, 0, 0, 65226, 342, 187, 308, 313, 0, 1, 0, 0, 0, 64936, 0, 0, 0, 1718185062.360201
0, 0, 6, 0, 5, 0, 0, 0, 0, 3300, 0, 0, 0, 3489, 0, 0, 0, 264, 42, 56, 87, 0, 0, 0, 65226, 342, 187, 308, 313, 0, 1, 0, 0, 0, 64936, 0, 0, 0, 1718185062.471348
0, 0, 6, 0, 5, 0, 0, 0, 0, 3300, 0, 0, 0, 3489, 0, 0, 0, 264, 42, 56, 87, 0, 0, 0, 65226, 342, 187, 308, 313, 0, 1, 0, 0, 0, 64936, 0, 0, 0, 1718185062.583286
0, 0, 6, 0, 5, 0, 0, 0, 0, 3300, 0, 0, 0, 3489, 0, 0, 0, 266, 42, 63, 92, 0, 0, 0, 65226, 343, 187, 307, 313, 0, 1, 0, 0, 0, 64936, 0, 0, 0, 1718185062.692891
0, 0, 6, 0, 5, 0, 0, 0, 0, 3300, 0, 0, 0, 3489, 0, 0, 0, 266, 42, 63, 92, 0, 0, 0, 65226, 343, 187, 307, 313, 0, 1, 0, 0, 0, 64936, 0, 0, 0, 1718185062.8040671
0, 0, 6, 0, 5, 0, 0, 0, 0, 3300, 0, 0, 0, 3489, 0, 0, 0, 266, 42, 63, 92, 0, 0, 0, 65226, 343, 187, 307, 313, 0, 1, 0, 0, 0, 64936, 0, 0, 0, 1718185062.9189792
0, 0, 6, 0, 5, 0, 0, 0, 0, 3300, 0, 0, 0, 3489, 0, 0, 0, 266, 42, 63, 92, 0, 0, 0, 65226, 343, 187, 307, 313, 0, 1, 0, 0, 0, 64936, 0, 0, 0, 1718185063.03015
0, 0, 6, 0, 5, 0, 0, 0, 0, 3300, 0, 0, 0, 3489, 0, 0, 0, 266, 42, 63, 94, 0, 0, 0, 65226, 343, 187, 307, 313, 0, 1, 0, 0, 0, 64936, 0, 0, 0, 1718185063.140306
0, 0, 6, 0, 5, 0, 0, 0, 0, 3300, 0, 0, 0, 3489, 0, 0, 0, 266, 42, 63, 94, 0, 0, 0, 65226, 343, 187, 307, 313, 0, 1, 0, 0, 0, 64936, 0, 0, 0, 1718185063.24996
0, 0, 6, 0, 5, 0, 0, 0, 0, 3300, 0, 0, 0, 3489, 0, 0, 0, 266, 42, 63, 94, 0, 0, 0, 65226, 343, 187, 307, 313, 0, 1, 0, 0, 0, 64936, 0, 0, 0, 1718185063.3617249
0, 0, 6, 0, 5, 0, 0, 0, 0, 3300, 0, 0, 0, 3489, 0, 0, 0, 266, 42, 63, 94, 0, 0, 0, 65226, 343, 187, 307, 313, 0, 1, 0, 0, 0, 64936, 0, 0, 0, 1718185063.473784
0, 0, 6, 0, 5, 0, 0, 0, 0, 3300, 0, 0, 0, 3489, 0, 0, 0, 266, 42, 63, 94, 0, 0, 0, 65226, 343, 187, 307, 313, 0, 1, 0, 0, 0, 64936, 0, 0, 0, 1718185063.585978
0, 0, 6, 0, 5, 0, 0, 0, 0, 3300, 0, 0, 0, 3489, 0, 0, 0, 268, 42, 63, 91, 0, 0, 0, 65226, 343, 188, 305, 311, 0, 1, 0, 0, 0, 64936, 0, 0, 0, 1718185063.6976461
0, 0, 6, 0, 5, 0, 0, 0, 0, 3300, 0, 0, 0, 3489, 0, 0, 0, 268, 42, 63, 91, 0, 0, 0, 65226, 343, 188, 305, 311, 0, 1, 0, 0, 0, 64936, 0, 0, 0, 1718185063.811372
0, 0, 6, 0, 5, 0, 0, 0, 0, 3300, 0, 0, 0, 3489, 0, 0, 0, 268, 42, 63, 91, 0, 0, 0, 65226, 343, 188, 305, 311, 0, 1, 0, 0, 0, 64936, 0, 0, 0, 1718185063.923646
0, 0, 6, 0, 5, 0, 0, 0, 0, 3300, 0, 0, 0, 3489, 0, 0, 0, 268, 42, 63, 91, 0, 0, 0, 65226, 343, 188, 305, 311, 0, 1, 0, 0, 0, 64936, 0, 0, 0, 1718185064.0366359
0, 0, 6, 0, 5, 0, 0, 0, 0, 3300, 0, 0, 0, 3489, 0, 0, 0, 265, 42, 65, 88, 0, 0, 0, 65226, 343, 187, 305, 313, 0, 1, 0, 0, 0, 64936, 0, 0, 0, 1718185064.149626
0, 0, 6, 0, 5, 0, 0, 0, 0, 3300, 0, 0, 0, 3489, 0, 0, 0, 265, 42, 65, 88, 0, 0, 0, 65226, 343, 187, 305, 313, 0, 1, 0, 0, 0, 64936, 0, 0, 0, 1718185064.259889
0, 0, 6, 0, 5, 0, 0, 0, 0, 3300, 0, 0, 0, 3489, 0, 0, 0, 265, 42, 65, 88, 0, 0, 0, 65226, 343, 187, 305, 313, 0, 1, 0, 0, 0, 64936, 0, 0, 0, 1718185064.372214
0, 0, 6, 0, 5, 0, 0, 0, 0, 3300, 0, 0, 0, 3489, 0, 0, 0, 265, 42, 65, 88, 0, 0, 0, 65226, 343, 187, 305, 313, 0, 1, 0, 0, 0, 64936, 0, 0, 0, 1718185064.485975
0, 0, 6, 0, 5, 0, 0, 0, 0, 3300, 0, 0, 0, 3489, 0, 0, 0, 265, 42, 65, 88, 0, 0, 0, 65226, 343, 187, 305, 313, 0, 1, 0, 0, 0, 64936, 0, 0, 0, 1718185064.6003468
0, 0, 6, 0, 5, 0, 0, 0, 0, 3300, 0, 0, 0, 3489, 0, 0, 0, 262, 42, 55, 84, 0, 0, 0, 65226, 343, 188, 308, 313, 0, 1, 0, 0, 0, 64936, 0, 0, 0, 1718185064.710166
0, 0, 6, 0, 5, 0, 0, 0, 0, 3300, 0, 0, 0, 3489, 0, 0, 0, 262, 42, 55, 84, 0, 0, 0, 65226, 343, 188, 308, 313, 0, 1, 0, 0, 0, 64936, 0, 0, 0, 1718185064.821355
0, 0, 6, 0, 5, 0, 0, 0, 0, 3300, 0, 0, 0, 3489, 0, 0, 0, 262, 42, 55, 84, 0, 0, 0, 65226, 343, 188, 308, 313, 0, 1, 0, 0, 0, 64936, 0, 0, 0, 1718185064.933398
0, 0, 6, 0, 5, 0, 0, 0, 0, 3300, 0, 0, 0, 3489, 0, 0, 0, 262, 42, 55, 84, 0, 0, 0, 65226, 343, 188, 308, 313, 0, 1, 0, 0, 0, 64936, 0, 0, 0, 1718185065.0427678
0, 0, 6, 0, 5, 0, 0, 0, 0, 3300, 0, 0, 0, 3489, 0, 0, 0, 265, 42, 53, 83, 0, 0, 0, 65226, 343, 188, 307, 312, 0, 1, 0, 0, 0, 64936, 0, 0, 0, 1718185065.1543539
0, 0, 6, 0, 5, 0, 0, 0, 0, 3300, 0, 0, 0, 3489, 0, 0, 0, 265, 42, 53, 83, 0, 0, 0, 65226, 343, 188, 307, 312, 0, 1, 0, 0, 0, 64936, 0, 0, 0, 1718185065.264138
0, 0, 6, 0, 5, 0, 0, 0, 0, 3300, 0, 0, 0, 3489, 0, 0, 0, 265, 42, 53, 83, 0, 0, 0, 65226, 343, 188, 307, 312, 0, 1, 0, 0, 0, 64936, 0, 0, 0, 1718185065.375909
0, 0, 6, 0, 5, 0, 0, 0, 0, 3300, 0, 0, 0, 3489, 0, 0, 0, 265, 42, 53, 83, 0, 0, 0, 65226, 343, 188, 307, 312, 0, 1, 0, 0, 0, 64936, 0, 0, 0, 1718185065.485651
0, 0, 6, 0, 5, 0, 0, 0, 0, 3300, 0, 0, 0, 3489, 0, 0, 0, 265, 42, 53, 83, 0, 0, 0, 65226, 343, 188, 307, 312, 0, 1, 0, 0, 0, 64936, 0, 0, 0, 1718185065.59538
0, 0, 6, 0, 5, 0, 0, 0, 0, 3300, 0, 0, 0, 3489, 0, 0, 0, 265, 42, 52, 82, 0, 0, 0, 65226, 343, 188, 306, 313, 0, 1, 0, 0, 0, 64936, 0, 0, 0, 1718185065.705578
0, 0, 6, 0, 5, 0, 0, 0, 0, 3300, 0, 0, 0, 3489, 0, 0, 0, 265, 42, 52, 82, 0, 0, 0, 65226, 343, 188, 306, 313, 0, 1, 0, 0, 0, 64936, 0, 0, 0, 1718185065.816088
0, 0, 6, 0, 5, 0, 0, 0, 0, 3300, 0, 0, 0, 3489, 0, 0, 0, 265, 42, 52, 82, 0, 0, 0, 65226, 343, 188, 306, 313, 0, 1, 0, 0, 0, 64936, 0, 0, 0, 1718185065.925874
0, 0, 6, 0, 5, 0, 0, 0, 0, 3300, 0, 0, 0, 3489, 0, 0, 0, 265, 42, 52, 82, 0, 0, 0, 65226, 343, 188, 306, 313, 0, 1, 0, 0, 0, 64936, 0, 0, 0, 1718185066.03706
0, 0, 6, 0, 5, 0, 0, 0, 0, 3300, 0, 0, 0, 3489, 0, 0, 0, 265, 42, 52, 82, 0, 0, 0, 65226, 343, 188, 306, 313, 0, 1, 0, 0, 0, 64936, 0, 0, 0, 1718185066.143738
0, 0, 6, 0, 5, 0, 0, 0, 0, 3300, 0, 0, 0, 3489, 0, 0, 0, 264, 42, 55, 86, 0, 0, 0, 65226, 343, 188, 307, 313, 0, 1, 0, 0, 0, 64936, 0, 0, 0, 1718185066.255369
0, 0, 6, 0, 5, 0, 0, 0, 0, 3300, 0, 0, 0, 3489, 0, 0, 0, 264, 42, 55, 86, 0, 0, 0, 65226, 343, 188, 307, 313, 0, 1, 0, 0, 0, 64936, 0, 0, 0, 1718185066.363776
0, 0, 6, 0, 5, 0, 0, 0, 0, 3300, 0, 0, 0, 3489, 0, 0, 0, 264, 42, 55, 86, 0, 0, 0, 65226, 343, 188, 307, 313, 0, 1, 0, 0, 0, 64936, 0, 0, 0, 1718185066.4728231
0, 0, 6, 0, 5, 0, 0, 0, 0, 3300, 0, 0, 0, 3489, 0, 0, 0, 264, 42, 55, 86, 0, 0, 0, 65226, 343, 188, 307, 313, 0, 1, 0, 0, 0, 64936, 0, 0, 0, 1718185066.5826151
0, 0, 6, 0, 5, 0, 0, 0, 0, 3300, 0, 0, 0, 3489, 0, 0, 0, 265, 42, 65, 94, 0, 0, 0, 65226, 343, 188, 305, 311, 0, 1, 0, 0, 0, 64936, 0, 0, 0, 1718185066.6918862
0, 0, 6, 0, 5, 0, 0, 0, 0, 3300, 0, 0, 0, 3489, 0, 0, 0, 265, 42, 65, 94, 0, 0, 0, 65226, 343, 188, 305, 311, 0, 1, 0, 0, 0, 64936, 0, 0, 0, 1718185066.8088992
0, 0, 6, 0, 5, 0, 0, 0, 0, 3300, 0, 0, 0, 3489, 0, 0, 0, 265, 42, 65, 94, 0, 0, 0, 65226, 343, 188, 305, 311, 0, 1, 0, 0, 0, 64936, 0, 0, 0, 1718185066.918258
0, 0, 6, 0, 5, 0, 0, 0, 0, 3300, 0, 0, 0, 3489, 0, 0, 0, 265, 42, 65, 94, 0, 0, 0, 65226, 343, 188, 305, 311, 0, 1, 0, 0, 0, 64936, 0, 0, 0, 1718185067.0258172
0, 0, 6, 0, 5, 0, 0, 0, 0, 3300, 0, 0, 0, 3489, 0, 0, 0, 265, 42, 65, 94, 0, 0, 0, 65226, 343, 188, 305, 311, 0, 1, 0, 0, 0, 64936, 0, 0, 0, 1718185067.1359339
0, 0, 6, 0, 5, 0, 0, 0, 0, 3300, 0, 0, 0, 3489, 0, 0, 0, 263, 42, 60, 87, 0, 0, 0, 65226, 343, 188, 309, 313, 0, 1, 0, 0, 0, 64936, 0, 0, 0, 1718185067.245792
0, 0, 6, 0, 5, 0, 0, 0, 0, 3300, 0, 0, 0, 3489, 0, 0, 0, 263, 42, 60, 87, 0, 0, 0, 65226, 343, 188, 309, 313, 0, 1, 0, 0, 0, 64936, 0, 0, 0, 1718185067.357868
0, 0, 6, 0, 5, 0, 0, 0, 0, 3300, 0, 0, 0, 3489, 0, 0, 0, 263, 42, 60, 87, 0, 0, 0, 65226, 343, 188, 309, 313, 0, 1, 0, 0, 0, 64936, 0, 0, 0, 1718185067.4668689
0, 0, 6, 0, 5, 0, 0, 0, 0, 3300, 0, 0, 0, 3489, 0, 0, 0, 263, 42, 60, 87, 0, 0, 0, 65226, 343, 188, 309, 313, 0, 1, 0, 0, 0, 64936, 0, 0, 0, 1718185067.57526
0, 0, 6, 0, 5, 0, 0, 0, 0, 3300, 0, 0, 0, 3489, 0, 0, 0, 263, 42, 60, 87, 0, 0, 0, 65226, 343, 188, 309, 313, 0, 1, 0, 0, 0, 64936, 0, 0, 0, 1718185067.684267
0, 0, 6, 0, 5, 0, 0, 0, 0, 3300, 0, 0, 0, 3489, 0, 0, 0, 265, 42, 60, 88, 0, 0, 0, 65226, 343, 189, 307, 311, 0, 1, 0, 0, 0, 64936, 0, 0, 0, 1718185067.795862
0, 0, 6, 0, 5, 0, 0, 0, 0, 3300, 0, 0, 0, 3489, 0, 0, 0, 265, 42, 60, 88, 0, 0, 0, 65226, 343, 189, 307, 311, 0, 1, 0, 0, 0, 64936, 0, 0, 0, 1718185067.904968
0, 0, 6, 0, 5, 0, 0, 0, 0, 3300, 0, 0, 0, 3489, 0, 0, 0, 265, 42, 60, 88, 0, 0, 0, 65226, 343, 189, 307, 311, 0, 1, 0, 0, 0, 64936, 0, 0, 0, 1718185068.015053
0, 0, 6, 0, 5, 0, 0, 0, 0, 3300, 0, 0, 0, 3489, 0, 0, 0, 265, 42, 60, 88, 0, 0, 0, 65226, 343, 189, 307, 311, 0, 1, 0, 0, 0, 64936, 0, 0, 0, 1718185068.1218472
0, 0, 6, 0, 5, 0, 0, 0, 0, 3300, 0, 0, 0, 3489, 0, 0, 0, 266, 42, 53, 80, 0, 0, 0, 65226, 343, 188, 307, 313, 0, 1, 0, 0, 0, 64936, 0, 0, 0, 1718185068.2382321
0, 0, 6, 0, 5, 0, 0, 0, 0, 3300, 0, 0, 0, 3489, 0, 0, 0, 266, 42, 53, 80, 0, 0, 0, 65226, 343, 188, 307, 313, 0, 1, 0, 0, 0, 64936, 0, 0, 0, 1718185068.349605
0, 0, 6, 0, 5, 0, 0, 0, 0, 3300, 0, 0, 0, 3489, 0, 0, 0, 266, 42, 53, 80, 0, 0, 0, 65226, 343, 188, 307, 313, 0, 1, 0, 0, 0, 64936, 0, 0, 0, 1718185068.4606059
0, 0, 6, 0, 5, 0, 0, 0, 0, 3300, 0, 0, 0, 3489, 0, 0, 0, 266, 42, 53, 80, 0, 0, 0, 65226, 343, 188, 307, 313, 0, 1, 0, 0, 0, 64936, 0, 0, 0, 1718185068.571529
0, 0, 6, 0, 5, 0, 0, 0, 0, 3300, 0, 0, 0, 3489, 0, 0, 0, 266, 42, 53, 80, 0, 0, 0, 65226, 343, 188, 307, 313, 0, 1, 0, 0, 0, 64936, 0, 0, 0, 1718185068.688833
0, 0, 6, 0, 5, 0, 0, 0, 0, 3300, 0, 0, 0, 3489, 0, 0, 0, 266, 42, 64, 92, 0, 0, 0, 65226, 343, 188, 307, 313, 0, 1, 0, 0, 0, 64936, 0, 0, 0, 1718185068.7980402
0, 0, 6, 0, 5, 0, 0, 0, 0, 3300, 0, 0, 0, 3489, 0, 0, 0, 266, 42, 64, 92, 0, 0, 0, 65226, 343, 188, 307, 313, 0, 1, 0, 0, 0, 64936, 0, 0, 0, 1718185068.908565
0, 0, 6, 0, 5, 0, 0, 0, 0, 3300, 0, 0, 0, 3489, 0, 0, 0, 266, 42, 64, 92, 0, 0, 0, 65226, 343, 188, 307, 313, 0, 1, 0, 0, 0, 64936, 0, 0, 0, 1718185069.0172129
0, 0, 6, 0, 5, 0, 0, 0, 0, 3300, 0, 0, 0, 3489, 0, 0, 0, 266, 42, 64, 92, 0, 0, 0, 65226, 343, 188, 307, 313, 0, 1, 0, 0, 0, 64936, 0, 0, 0, 1718185069.1288881
0, 0, 6, 0, 5, 0, 0, 0, 0, 3300, 0, 0, 0, 3489, 0, 0, 0, 266, 42, 64, 92, 0, 0, 0, 65226, 343, 188, 307, 313, 0, 1, 0, 0, 0, 64936, 0, 0, 0, 1718185069.242581
0, 0, 6, 0, 5, 0, 0, 0, 0, 3300, 0, 0, 0, 3489, 0, 0, 0, 267, 41, 65, 96, 0, 0, 0, 65226, 343, 188, 307, 313, 0, 1, 0, 0, 0, 64936, 0, 0, 0, 1718185069.355246
0, 0, 6, 0, 5, 0, 0, 0, 0, 3300, 0, 0, 0, 3489, 0, 0, 0, 267, 41, 65, 96, 0, 0, 0, 65226, 343, 188, 307, 313, 0, 1, 0, 0, 0, 64936, 0, 0, 0, 1718185069.462997
0, 0, 6, 0, 5, 0, 0, 0, 0, 3300, 0, 0, 0, 3489, 0, 0, 0, 267, 41, 65, 96, 0, 0, 0, 65226, 343, 188, 307, 313, 0, 1, 0, 0, 0, 64936, 0, 0, 0, 1718185069.573556
0, 0, 6, 0, 5, 0, 0, 0, 0, 3300, 0, 0, 0, 3489, 0, 0, 0, 267, 41, 65, 96, 0, 0, 0, 65226, 343, 188, 307, 313, 0, 1, 0, 0, 0, 64936, 0, 0, 0, 1718185069.6844711
0, 0, 6, 0, 5, 0, 0, 0, 0, 3300, 0, 0, 0, 3489, 0, 0, 0, 266, 42, 52, 82, 0, 0, 0, 65226, 343, 187, 306, 313, 0, 1, 0, 0, 0, 64936, 0, 0, 0, 1718185069.7935739
0, 0, 6, 0, 5, 0, 0, 0, 0, 3300, 0, 0, 0, 3489, 0, 0, 0, 266, 42, 52, 82, 0, 0, 0, 65226, 343, 187, 306, 313, 0, 1, 0, 0, 0, 64936, 0, 0, 0, 1718185069.904515
0, 0, 6, 0, 5, 0, 0, 0, 0, 3300, 0, 0, 0, 3489, 0, 0, 0, 266, 42, 52, 82, 0, 0, 0, 65226, 343, 187, 306, 313, 0, 1, 0, 0, 0, 64936, 0, 0, 0, 1718185070.0155818
0, 0, 6, 0, 5, 0, 0, 0, 0, 3300, 0, 0, 0, 3489, 0, 0, 0, 266, 42, 52, 82, 0, 0, 0, 65226, 343, 187, 306, 313, 0, 1, 0, 0, 0, 64936, 0, 0, 0, 1718185070.12323
0, 0, 6, 0, 5, 0, 0, 0, 0, 3300, 0, 0, 0, 3489, 0, 0, 0, 266, 42, 52, 82, 0, 0, 0, 65226, 343, 187, 306, 313, 0, 1, 0, 0, 0, 64936, 0, 0, 0, 1718185070.234965
0, 0, 6, 0, 5, 0, 0, 0, 0, 3300, 0, 0, 0, 3489, 0, 0, 0, 265, 42, 63, 95, 0, 0, 0, 65226, 343, 187, 307, 313, 0, 1, 0, 0, 0, 64936, 0, 0, 0, 1718185070.346903
0, 0, 6, 0, 5, 0, 0, 0, 0, 3300, 0, 0, 0, 3489, 0, 0, 0, 265, 42, 63, 95, 0, 0, 0, 65226, 343, 187, 307, 313, 0, 1, 0, 0, 0, 64936, 0, 0, 0, 1718185070.455287
0, 0, 6, 0, 5, 0, 0, 0, 0, 3300, 0, 0, 0, 3489, 0, 0, 0, 265, 42, 63, 95, 0, 0, 0, 65226, 343, 187, 307, 313, 0, 1, 0, 0, 0, 64936, 0, 0, 0, 1718185070.564021
0, 0, 6, 0, 5, 0, 0, 0, 0, 3300, 0, 0, 0, 3489, 0, 0, 0, 265, 42, 63, 95, 0, 0, 0, 65226, 343, 187, 307, 313, 0, 1, 0, 0, 0, 64936, 0, 0, 0, 1718185070.674315
0, 0, 6, 0, 5, 0, 0, 0, 0, 3300, 0, 0, 0, 3489, 0, 0, 0, 265, 42, 63, 95, 0, 0, 0, 65226, 343, 187, 307, 313, 0, 1, 0, 0, 0, 64936, 0, 0, 0, 1718185070.785223
0, 0, 6, 0, 5, 0, 0, 0, 0, 3300, 0, 0, 0, 3489, 0, 0, 0, 262, 42, 53, 82, 0, 0, 0, 65226, 343, 187, 306, 313, 0, 1, 0, 0, 0, 64936, 0, 0, 0, 1718185070.8965461
0, 0, 6, 0, 5, 0, 0, 0, 0, 3300, 0, 0, 0, 3489, 0, 0, 0, 262, 42, 53, 82, 0, 0, 0, 65226, 343, 187, 306, 313, 0, 1, 0, 0, 0, 64936, 0, 0, 0, 1718185071.006837
0, 0, 6, 0, 5, 0, 0, 0, 0, 3300, 0, 0, 0, 3489, 0, 0, 0, 262, 42, 53, 82, 0, 0, 0, 65226, 343, 187, 306, 313, 0, 1, 0, 0, 0, 64936, 0, 0, 0, 1718185071.118709
0, 0, 6, 0, 5, 0, 0, 0, 0, 3300, 0, 0, 0, 3489, 0, 0, 0, 262, 42, 53, 82, 0, 0, 0, 65226, 343, 187, 306, 313, 0, 1, 0, 0, 0, 64936, 0, 0, 0, 1718185071.226351
0, 0, 6, 0, 5, 0, 0, 0, 0, 3300, 0, 0, 0, 3489, 0, 0, 0, 265, 42, 53, 83, 0, 0, 0, 65226, 343, 188, 307, 313, 0, 1, 0, 0, 0, 64936, 0, 0, 0, 1718185071.337514
0, 0, 6, 0, 5, 0, 0, 0, 0, 3300, 0, 0, 0, 3489, 0, 0, 0, 265, 42, 53, 83, 0, 0, 0, 65226, 343, 188, 307, 313, 0, 1, 0, 0, 0, 64936, 0, 0, 0, 1718185071.443852
0, 0, 6, 0, 5, 0, 0, 0, 0, 3300, 0, 0, 0, 3489, 0, 0, 0, 261, 42, 56, 87, 0, 0, 0, 65226, 343, 187, 308, 313, 0, 1, 0, 0, 0, 64936, 0, 0, 0, 1718185071.554483
0, 0, 6, 0, 5, 0, 0, 0, 0, 3300, 0, 0, 0, 3489, 0, 0, 0, 261, 42, 56, 87, 0, 0, 0, 65226, 343, 187, 308, 313, 0, 1, 0, 0, 0, 64936, 0, 0, 0, 1718185071.665545
0, 0, 6, 0, 5, 0, 0, 0, 0, 3300, 0, 0, 0, 3489, 0, 0, 0, 261, 42, 56, 87, 0, 0, 0, 65226, 343, 187, 308, 313, 0, 1, 0, 0, 0, 64936, 0, 0, 0, 1718185071.782774
0, 0, 6, 0, 5, 0, 0, 0, 0, 3300, 0, 0, 0, 3489, 0, 0, 0, 261, 42, 56, 87, 0, 0, 0, 65226, 343, 187, 308, 313, 0, 1, 0, 0, 0, 64936, 0, 0, 0, 1718185071.891454
0, 0, 6, 0, 5, 0, 0, 0, 0, 3300, 0, 0, 0, 3489, 0, 0, 0, 261, 42, 56, 87, 0, 0, 0, 65226, 343, 187, 308, 313, 0, 1, 0, 0, 0, 64936, 0, 0, 0, 1718185072.002105
0, 0, 6, 0, 5, 0, 0, 0, 0, 3300, 0, 0, 0, 3489, 0, 0, 0, 265, 42, 60, 88, 0, 0, 0, 65226, 343, 187, 307, 313, 0, 1, 0, 0, 0, 64936, 0, 0, 0, 1718185072.112187
0, 0, 6, 0, 5, 0, 0, 0, 0, 3300, 0, 0, 0, 3489, 0, 0, 0, 265, 42, 60, 88, 0, 0, 0, 65226, 343, 187, 307, 313, 0, 1, 0, 0, 0, 64936, 0, 0, 0, 1718185072.222743
0, 0, 6, 0, 5, 0, 0, 0, 0, 3300, 0, 0, 0, 3489, 0, 0, 0, 265, 42, 60, 88, 0, 0, 0, 65226, 343, 187, 307, 313, 0, 1, 0, 0, 0, 64936, 0, 0, 0, 1718185072.333817
0, 0, 6, 0, 5, 0, 0, 0, 0, 3300, 0, 0, 0, 3489, 0, 0, 0, 265, 42, 60, 88, 0, 0, 0, 65226, 343, 187, 307, 313, 0, 1, 0, 0, 0, 64936, 0, 0, 0, 1718185072.444088
0, 0, 6, 0, 5, 0, 0, 0, 0, 3300, 0, 0, 0, 3489, 0, 0, 0, 265, 42, 60, 88, 0, 0, 0, 65226, 343, 187, 307, 313, 0, 1, 0, 0, 0, 64936, 0, 0, 0, 1718185072.555372
0, 0, 6, 0, 5, 0, 0, 0, 0, 3300, 0, 0, 0, 3489, 0, 0, 0, 267, 42, 61, 90, 0, 0, 0, 65226, 343, 187, 305, 313, 0, 1, 0, 0, 0, 64936, 0, 0, 0, 1718185072.6674619
0, 0, 6, 0, 5, 0, 0, 0, 0, 3300, 0, 0, 0, 3489, 0, 0, 0, 267, 42, 61, 90, 0, 0, 0, 65226, 343, 187, 305, 313, 0, 1, 0, 0, 0, 64936, 0, 0, 0, 1718185072.7782888
0, 0, 6, 0, 5, 0, 0, 0, 0, 3300, 0, 0, 0, 3489, 0, 0, 0, 267, 42, 61, 90, 0, 0, 0, 65226, 343, 187, 305, 313, 0, 1, 0, 0, 0, 64936, 0, 0, 0, 1718185072.886519
0, 0, 6, 0, 5, 0, 0, 0, 0, 3300, 0, 0, 0, 3489, 0, 0, 0, 267, 42, 61, 90, 0, 0, 0, 65226, 343, 187, 305, 313, 0, 1, 0, 0, 0, 64936, 0, 0, 0, 1718185072.995007
0, 0, 6, 0, 5, 0, 0, 0, 0, 3300, 0, 0, 0, 3489, 0, 0, 0, 267, 42, 64, 92, 0, 0, 0, 65226, 343, 186, 305, 313, 0, 1, 0, 0, 0, 64936, 0, 0, 0, 1718185073.1084402
0, 0, 6, 0, 5, 0, 0, 0, 0, 3300, 0, 0, 0, 3489, 0, 0, 0, 267, 42, 64, 92, 0, 0, 0, 65226, 343, 186, 305, 313, 0, 1, 0, 0, 0, 64936, 0, 0, 0, 1718185073.216573
0, 0, 6, 0, 5, 0, 0, 0, 0, 3300, 0, 0, 0, 3489, 0, 0, 0, 267, 42, 64, 92, 0, 0, 0, 65226, 343, 186, 305, 313, 0, 1, 0, 0, 0, 64936, 0, 0, 0, 1718185073.326288
0, 0, 6, 0, 5, 0, 0, 0, 0, 3300, 0, 0, 0, 3489, 0, 0, 0, 267, 42, 64, 92, 0, 0, 0, 65226, 343, 186, 305, 313, 0, 1, 0, 0, 0, 64936, 0, 0, 0, 1718185073.4376519
0, 0, 6, 0, 5, 0, 0, 0, 0, 3300, 0, 0, 0, 3489, 0, 0, 0, 267, 42, 64, 92, 0, 0, 0, 65226, 343, 186, 305, 313, 0, 1, 0, 0, 0, 64936, 0, 0, 0, 1718185073.549273
0, 0, 6, 0, 5, 0, 0, 0, 0, 3300, 0, 0, 0, 3489, 0, 0, 0, 265, 42, 60, 90, 0, 0, 0, 65226, 343, 186, 308, 313, 0, 1, 0, 0, 0, 64936, 0, 0, 0, 1718185073.6625762
0, 0, 6, 0, 5, 0, 0, 0, 0, 3300, 0, 0, 0, 3489, 0, 0, 0, 265, 42, 60, 90, 0, 0, 0, 65226, 343, 186, 308, 313, 0, 1, 0, 0, 0, 64936, 0, 0, 0, 1718185073.7728078
0, 0, 6, 0, 5, 0, 0, 0, 0, 3300, 0, 0, 0, 3489, 0, 0, 0, 265, 42, 60, 90, 0, 0, 0, 65226, 343, 186, 308, 313, 0, 1, 0, 0, 0, 64936, 0, 0, 0, 1718185073.885034
0, 0, 6, 0, 5, 0, 0, 0, 0, 3300, 0, 0, 0, 3489, 0, 0, 0, 265, 42, 60, 90, 0, 0, 0, 65226, 343, 186, 308, 313, 0, 1, 0, 0, 0, 64936, 0, 0, 0, 1718185073.9960802
0, 0, 6, 0, 5, 0, 0, 0, 0, 3300, 0, 0, 0, 3489, 0, 0, 0, 265, 42, 56, 86, 0, 0, 0, 65226, 343, 185, 307, 313, 0, 1, 0, 0, 0, 64936, 0, 0, 0, 1718185074.10555
0, 0, 6, 0, 5, 0, 0, 0, 0, 3300, 0, 0, 0, 3489, 0, 0, 0, 265, 42, 56, 86, 0, 0, 0, 65226, 343, 185, 307, 313, 0, 1, 0, 0, 0, 64936, 0, 0, 0, 1718185074.21695
0, 0, 6, 0, 5, 0, 0, 0, 0, 3300, 0, 0, 0, 3489, 0, 0, 0, 265, 42, 56, 86, 0, 0, 0, 65226, 343, 185, 307, 313, 0, 1, 0, 0, 0, 64936, 0, 0, 0, 1718185074.3298502
0, 0, 6, 0, 5, 0, 0, 0, 0, 3300, 0, 0, 0, 3489, 0, 0, 0, 265, 42, 56, 86, 0, 0, 0, 65226, 343, 185, 307, 313, 0, 1, 0, 0, 0, 64936, 0, 0, 0, 1718185074.438609
0, 0, 6, 0, 5, 0, 0, 0, 0, 3300, 0, 0, 0, 3489, 0, 0, 0, 265, 42, 56, 86, 0, 0, 0, 65226, 343, 185, 307, 313, 0, 1, 0, 0, 0, 64936, 0, 0, 0, 1718185074.5498261
0, 0, 6, 0, 5, 0, 0, 0, 0, 3300, 0, 0, 0, 3489, 0, 0, 0, 267, 42, 55, 86, 0, 0, 0, 65226, 343, 185, 308, 313, 0, 1, 0, 0, 0, 64936, 0, 0, 0, 1718185074.6582558
0, 0, 6, 0, 5, 0, 0, 0, 0, 3300, 0, 0, 0, 3489, 0, 0, 0, 267, 42, 55, 86, 0, 0, 0, 65226, 343, 185, 308, 313, 0, 1, 0, 0, 0, 64936, 0, 0, 0, 1718185074.771133
0, 0, 6, 0, 5, 0, 0, 0, 0, 3300, 0, 0, 0, 3489, 0, 0, 0, 267, 42, 55, 86, 0, 0, 0, 65226, 343, 185, 308, 313, 0, 1, 0, 0, 0, 64936, 0, 0, 0, 1718185074.881662
0, 0, 6, 0, 5, 0, 0, 0, 0, 3300, 0, 0, 0, 3489, 0, 0, 0, 267, 42, 55, 86, 0, 0, 0, 65226, 343, 185, 308, 313, 0, 1, 0, 0, 0, 64936, 0, 0, 0, 1718185074.993268
0, 0, 6, 0, 5, 0, 0, 0, 0, 3300, 0, 0, 0, 3489, 0, 0, 0, 267, 42, 55, 86, 0, 0, 0, 65226, 343, 185, 308, 313, 0, 1, 0, 0, 0, 64936, 0, 0, 0, 1718185075.105118
0, 0, 6, 0, 5, 0, 0, 0, 0, 3300, 0, 0, 0, 3489, 0, 0, 0, 262, 42, 52, 79, 0, 0, 0, 65226, 343, 185, 308, 313, 0, 1, 0, 0, 0, 64936, 0, 0, 0, 1718185075.214484
0, 0, 6, 0, 5, 0, 0, 0, 0, 3300, 0, 0, 0, 3489, 0, 0, 0, 262, 42, 52, 79, 0, 0, 0, 65226, 343, 185, 308, 313, 0, 1, 0, 0, 0, 64936, 0, 0, 0, 1718185075.3261561
0, 0, 6, 0, 5, 0, 0, 0, 0, 3300, 0, 0, 0, 3489, 0, 0, 0, 262, 42, 52, 79, 0, 0, 0, 65226, 343, 185, 308, 313, 0, 1, 0, 0, 0, 64936, 0, 0, 0, 1718185075.436788
0, 0, 6, 0, 5, 0, 0, 0, 0, 3300, 0, 0, 0, 3489, 0, 0, 0, 262, 42, 52, 79, 0, 0, 0, 65226, 343, 185, 308, 313, 0, 1, 0, 0, 0, 64936, 0, 0, 0, 1718185075.544218
0, 0, 6, 0, 5, 0, 0, 0, 0, 3300, 0, 0, 0, 3489, 0, 0, 0, 265, 42, 55, 83, 0, 0, 0, 65226, 343, 185, 307, 313, 0, 1, 0, 0, 0, 64936, 0, 0, 0, 1718185075.654596
0, 0, 6, 0, 5, 0, 0, 0, 0, 3300, 0, 0, 0, 3489, 0, 0, 0, 265, 42, 55, 83, 0, 0, 0, 65226, 343, 185, 307, 313, 0, 1, 0, 0, 0, 64936, 0, 0, 0, 1718185075.765994
0, 0, 6, 0, 5, 0, 0, 0, 0, 3300, 0, 0, 0, 3489, 0, 0, 0, 265, 42, 55, 83, 0, 0, 0, 65226, 343, 185, 307, 313, 0, 1, 0, 0, 0, 64936, 0, 0, 0, 1718185075.8773172
0, 0, 6, 0, 5, 0, 0, 0, 0, 3300, 0, 0, 0, 3489, 0, 0, 0, 265, 42, 55, 83, 0, 0, 0, 65226, 343, 185, 307, 313, 0, 1, 0, 0, 0, 64936, 0, 0, 0, 1718185075.987995
0, 0, 6, 0, 5, 0, 0, 0, 0, 3300, 0, 0, 0, 3489, 0, 0, 0, 265, 42, 55, 83, 0, 0, 0, 65226, 343, 185, 307, 313, 0, 1, 0, 0, 0, 64936, 0, 0, 0, 1718185076.098697
0, 0, 6, 0, 5, 0, 0, 0, 0, 3300, 0, 0, 0, 3489, 0, 0, 0, 265, 42, 60, 88, 0, 0, 0, 65226, 343, 184, 307, 312, 0, 1, 0, 0, 0, 64936, 0, 0, 0, 1718185076.207347
0, 0, 6, 0, 5, 0, 0, 0, 0, 3300, 0, 0, 0, 3489, 0, 0, 0, 265, 42, 60, 88, 0, 0, 0, 65226, 343, 184, 307, 312, 0, 1, 0, 0, 0, 64936, 0, 0, 0, 1718185076.318509
0, 0, 6, 0, 5, 0, 0, 0, 0, 3300, 0, 0, 0, 3489, 0, 0, 0, 265, 42, 60, 88, 0, 0, 0, 65226, 343, 184, 307, 312, 0, 1, 0, 0, 0, 64936, 0, 0, 0, 1718185076.428876
0, 0, 6, 0, 5, 0, 0, 0, 0, 3300, 0, 0, 0, 3489, 0, 0, 0, 265, 42, 60, 88, 0, 0, 0, 65226, 343, 184, 307, 312, 0, 1, 0, 0, 0, 64936, 0, 0, 0, 1718185076.536164
0, 0, 6, 0, 5, 0, 0, 0, 0, 3300, 0, 0, 0, 3489, 0, 0, 0, 265, 42, 60, 88, 0, 0, 0, 65226, 343, 184, 307, 312, 0, 1, 0, 0, 0, 64936, 0, 0, 0, 1718185076.647261
0, 0, 6, 0, 5, 0, 0, 0, 0, 3300, 0, 0, 0, 3489, 0, 0, 0, 267, 42, 63, 92, 0, 0, 0, 65226, 343, 184, 307, 313, 0, 1, 0, 0, 0, 64936, 0, 0, 0, 1718185076.758904
0, 0, 6, 0, 5, 0, 0, 0, 0, 3300, 0, 0, 0, 3489, 0, 0, 0, 267, 42, 63, 92, 0, 0, 0, 65226, 343, 184, 307, 313, 0, 1, 0, 0, 0, 64936, 0, 0, 0, 1718185076.8728719
0, 0, 6, 0, 5, 0, 0, 0, 0, 3300, 0, 0, 0, 3489, 0, 0, 0, 267, 42, 63, 92, 0, 0, 0, 65226, 343, 184, 307, 313, 0, 1, 0, 0, 0, 64936, 0, 0, 0, 1718185076.984422
0, 0, 6, 0, 5, 0, 0, 0, 0, 3300, 0, 0, 0, 3489, 0, 0, 0, 267, 42, 63, 92, 0, 0, 0, 65226, 343, 184, 307, 313, 0, 1, 0, 0, 0, 64936, 0, 0, 0, 1718185077.093694
0, 0, 6, 0, 5, 0, 0, 0, 0, 3300, 0, 0, 0, 3489, 0, 0, 0, 267, 42, 63, 92, 0, 0, 0, 65226, 343, 184, 307, 313, 0, 1, 0, 0, 0, 64936, 0, 0, 0, 1718185077.201278
0, 0, 6, 0, 5, 0, 0, 0, 0, 3300, 0, 0, 0, 3489, 0, 0, 0, 264, 42, 64, 94, 0, 0, 0, 65226, 343, 184, 305, 313, 0, 1, 0, 0, 0, 64936, 0, 0, 0, 1718185077.312264
0, 0, 6, 0, 5, 0, 0, 0, 0, 3300, 0, 0, 0, 3489, 0, 0, 0, 264, 42, 64, 94, 0, 0, 0, 65226, 343, 184, 305, 313, 0, 1, 0, 0, 0, 64936, 0, 0, 0, 1718185077.422009
0, 0, 6, 0, 5, 0, 0, 0, 0, 3300, 0, 0, 0, 3489, 0, 0, 0, 264, 42, 64, 94, 0, 0, 0, 65226, 343, 184, 305, 313, 0, 1, 0, 0, 0, 64936, 0, 0, 0, 1718185077.53439
0, 0, 6, 0, 5, 0, 0, 0, 0, 3300, 0, 0, 0, 3489, 0, 0, 0, 264, 42, 64, 94, 0, 0, 0, 65226, 343, 184, 305, 313, 0, 1, 0, 0, 0, 64936, 0, 0, 0, 1718185077.646317
0, 0, 6, 0, 5, 0, 0, 0, 0, 3300, 0, 0, 0, 3489, 0, 0, 0, 264, 42, 61, 92, 0, 0, 0, 65226, 343, 184, 305, 313, 0, 1, 0, 0, 0, 64936, 0, 0, 0, 1718185077.756203
0, 0, 6, 0, 5, 0, 0, 0, 0, 3300, 0, 0, 0, 3489, 0, 0, 0, 264, 42, 61, 92, 0, 0, 0, 65226, 343, 184, 305, 313, 0, 1, 0, 0, 0, 64936, 0, 0, 0, 1718185077.866714
0, 0, 6, 0, 5, 0, 0, 0, 0, 3300, 0, 0, 0, 3489, 0, 0, 0, 264, 42, 61, 92, 0, 0, 0, 65226, 343, 184, 305, 313, 0, 1, 0, 0, 0, 64936, 0, 0, 0, 1718185077.977736
0, 0, 6, 0, 5, 0, 0, 0, 0, 3300, 0, 0, 0, 3489, 0, 0, 0, 264, 42, 61, 92, 0, 0, 0, 65226, 343, 184, 305, 313, 0, 1, 0, 0, 0, 64936, 0, 0, 0, 1718185078.086385
0, 0, 6, 0, 5, 0, 0, 0, 0, 3300, 0, 0, 0, 3489, 0, 0, 0, 267, 42, 60, 88, 0, 0, 0, 65226, 343, 184, 307, 313, 0, 1, 0, 0, 0, 64936, 0, 0, 0, 1718185078.197149
0, 0, 6, 0, 5, 0, 0, 0, 0, 3300, 0, 0, 0, 3489, 0, 0, 0, 267, 42, 60, 88, 0, 0, 0, 65226, 343, 184, 307, 313, 0, 1, 0, 0, 0, 64936, 0, 0, 0, 1718185078.306329
0, 0, 6, 0, 5, 0, 0, 0, 0, 3300, 0, 0, 0, 3489, 0, 0, 0, 267, 42, 60, 88, 0, 0, 0, 65226, 343, 184, 307, 313, 0, 1, 0, 0, 0, 64936, 0, 0, 0, 1718185078.423372
0, 0, 6, 0, 5, 0, 0, 0, 0, 3300, 0, 0, 0, 3489, 0, 0, 0, 267, 42, 60, 88, 0, 0, 0, 65226, 343, 184, 307, 313, 0, 1, 0, 0, 0, 64936, 0, 0, 0, 1718185078.534177
0, 0, 6, 0, 5, 0, 0, 0, 0, 3300, 0, 0, 0, 3489, 0, 0, 0, 267, 42, 60, 88, 0, 0, 0, 65226, 343, 184, 307, 313, 0, 1, 0, 0, 0, 64936, 0, 0, 0, 1718185078.642175
0, 0, 6, 0, 5, 0, 0, 0, 0, 3300, 0, 0, 0, 3489, 0, 0, 0, 267, 42, 65, 95, 0, 0, 0, 65226, 343, 184, 305, 313, 0, 1, 0, 0, 0, 64936, 0, 0, 0, 1718185078.752867
0, 0, 6, 0, 5, 0, 0, 0, 0, 3300, 0, 0, 0, 3489, 0, 0, 0, 267, 42, 65, 95, 0, 0, 0, 65226, 343, 184, 305, 313, 0, 1, 0, 0, 0, 64936, 0, 0, 0, 1718185078.919874
0, 0, 6, 0, 5, 0, 0, 0, 0, 3300, 0, 0, 0, 3489, 0, 0, 0, 267, 42, 65, 95, 0, 0, 0, 65226, 343, 184, 305, 313, 0, 1, 0, 0, 0, 64936, 0, 0, 0, 1718185079.034341
0, 0, 6, 0, 5, 0, 0, 0, 0, 3300, 0, 0, 0, 3489, 0, 0, 0, 267, 42, 65, 95, 0, 0, 0, 65226, 343, 184, 305, 313, 0, 1, 0, 0, 0, 64936, 0, 0, 0, 1718185079.1469781
0, 0, 6, 0, 5, 0, 0, 0, 0, 3300, 0, 0, 0, 3489, 0, 0, 0, 267, 42, 65, 95, 0, 0, 0, 65226, 343, 184, 305, 313, 0, 1, 0, 0, 0, 64936, 0, 0, 0, 1718185079.2613041
0, 0, 6, 0, 5, 0, 0, 0, 0, 3300, 0, 0, 0, 3489, 0, 0, 0, 267, 42, 65, 95, 0, 0, 0, 65226, 343, 184, 305, 313, 0, 1, 0, 0, 0, 64936, 0, 0, 0, 1718185079.3725739
0, 0, 6, 0, 5, 0, 0, 0, 0, 3300, 0, 0, 0, 3489, 0, 0, 0, 267, 42, 65, 95, 0, 0, 0, 65226, 343, 184, 305, 313, 0, 1, 0, 0, 0, 64936, 0, 0, 0, 1718185079.484431
0, 0, 6, 0, 5, 0, 0, 0, 0, 3300, 0, 0, 0, 3489, 0, 0, 0, 265, 42, 55, 84, 0, 0, 0, 65226, 343, 184, 307, 313, 0, 1, 0, 0, 0, 64936, 0, 0, 0, 1718185079.595207
0, 0, 6, 0, 5, 0, 0, 0, 0, 3300, 0, 0, 0, 3489, 0, 0, 0, 265, 42, 55, 84, 0, 0, 0, 65226, 343, 184, 307, 313, 0, 1, 0, 0, 0, 64936, 0, 0, 0, 1718185079.705939
0, 0, 6, 0, 5, 0, 0, 0, 0, 3300, 0, 0, 0, 3489, 0, 0, 0, 265, 42, 55, 84, 0, 0, 0, 65226, 343, 184, 307, 313, 0, 1, 0, 0, 0, 64936, 0, 0, 0, 1718185079.818645
0, 0, 6, 0, 5, 0, 0, 0, 0, 3300, 0, 0, 0, 3489, 0, 0, 0, 265, 42, 55, 84, 0, 0, 0, 65226, 343, 184, 307, 313, 0, 3, 0, 0, 0, 64936, 0, 0, 0, 1718185079.929941
0, 0, 6, 0, 5, 0, 0, 0, 0, 3300, 0, 0, 0, 3489, 0, 0, 0, 265, 42, 55, 84, 0, 0, 0, 65226, 343, 184, 307, 313, 0, 3, 0, 0, 0, 64936, 0, 0, 0, 1718185080.039486
0, 0, 6, 0, 5, 0, 0, 0, 0, 3300, 0, 0, 0, 3489, 0, 0, 0, 265, 42, 55, 84, 0, 0, 0, 65226, 343, 184, 307, 313, 0, 3, 0, 0, 0, 64936, 0, 0, 0, 1718185080.150531
0, 0, 6, 0, 5, 0, 0, 0, 0, 3300, 0, 0, 0, 3489, 0, 0, 0, 265, 42, 55, 84, 0, 0, 0, 65226, 343, 184, 307, 313, 0, 3, 0, 0, 0, 64936, 0, 0, 0, 1718185080.261012
0, 0, 6, 0, 5, 0, 0, 0, 0, 3300, 0, 0, 0, 3489, 0, 0, 0, 265, 42, 55, 84, 0, 0, 0, 65226, 343, 184, 307, 313, 0, 3, 0, 0, 0, 64936, 0, 0, 0, 1718185080.3714602
0, 0, 6, 0, 5, 0, 0, 0, 0, 3300, 0, 0, 0, 3478, 0, 0, 0, 265, 42, 55, 84, 0, 0, 0, 65226, 343, 184, 307, 313, 0, 3, 0, 0, 384, 64936, 0, 0, 0, 1718185080.4829729
0, 0, 6, 0, 5, 0, 0, 0, 0, 3300, 0, 0, 0, 3478, 0, 0, 0, 265, 42, 55, 84, 0, 0, 0, 65226, 343, 184, 307, 313, 0, 3, 0, 0, 384, 64936, 0, 0, 0, 1718185080.593707
0, 0, 6, 0, 5, 0, 0, 0, 0, 3300, 0, 0, 0, 3478, 0, 292, 5, 265, 42, 55, 84, 1, 0, 1, 65226, 343, 184, 307, 313, 0, 3, 0, 0, 384, 64936, 58, 0, 54, 1718185080.706618
0, 0, 6, 0, 5, 0, 0, 0, 0, 3300, 0, 0, 0, 3478, 0, 292, 5, 265, 42, 55, 84, 1, 0, 1, 65226, 343, 184, 307, 313, 0, 3, 0, 0, 384, 64936, 58, 0, 54, 1718185080.817137
0, 0, 6, 0, 5, 0, 0, 0, 0, 3300, 0, 0, 0, 3440, 0, 292, 5, 265, 42, 55, 84, 0, 0, 0, 65226, 343, 184, 307, 313, 0, 3, 0, 0, 1061, 64936, 0, 0, 0, 1718185080.928329
0, 0, 6, 0, 5, 0, 0, 0, 0, 3300, 0, 0, 0, 3440, 0, 292, 5, 265, 42, 55, 84, 0, 0, 0, 65226, 343, 184, 307, 313, 0, 3, 0, 0, 1061, 64936, 0, 0, 0, 1718185081.038089
0, 0, 6, 0, 5, 0, 0, 0, 0, 3300, 0, 0, 0, 3440, 0, 121, 6, 265, 42, 55, 84, 0, 0, 0, 65226, 343, 184, 307, 313, 0, 3, 0, 0, 1061, 64936, 0, 0, 0, 1718185081.149215
0, 0, 6, 0, 5, 0, 0, 0, 0, 3300, 0, 0, 0, 3440, 0, 121, 6, 265, 42, 55, 84, 0, 0, 0, 65226, 343, 184, 307, 313, 0, 3, 0, 0, 1061, 64936, 0, 0, 0, 1718185081.2684999
0, 0, 6, 0, 5, 0, 0, 0, 0, 3300, 0, 0, 0, 3402, 0, 121, 6, 265, 42, 55, 84, 0, 0, 0, 65226, 343, 184, 307, 313, 0, 3, 0, 0, 1061, 64936, 0, 0, 0, 1718185081.3796911
0, 0, 6, 0, 5, 0, 0, 0, 0, 3300, 0, 0, 0, 3402, 0, 121, 6, 265, 42, 55, 84, 0, 0, 0, 65226, 343, 184, 307, 313, 0, 3, 0, 0, 1061, 64936, 0, 0, 0, 1718185081.492735
0, 0, 6, 0, 5, 0, 0, 0, 0, 3300, 0, 0, 0, 3402, 0, 126, 7, 265, 42, 55, 84, 0, 0, 0, 65226, 343, 184, 307, 313, 0, 3, 0, 0, 1061, 64936, 0, 0, 0, 1718185081.608911
0, 0, 6, 0, 5, 0, 0, 0, 0, 3300, 0, 0, 0, 3402, 0, 126, 7, 265, 42, 55, 84, 0, 0, 0, 65226, 343, 184, 307, 313, 0, 3, 0, 0, 1061, 64936, 0, 0, 0, 1718185081.719998
0, 0, 6, 0, 5, 0, 0, 0, 0, 3300, 0, 0, 0, 3363, 0, 126, 7, 265, 42, 55, 84, 0, 0, 0, 0, 343, 184, 307, 313, 0, 3, 0, 0, 1061, 64936, 0, 0, 0, 1718185081.832889
0, 0, 6, 0, 5, 0, 0, 0, 0, 3300, 0, 0, 0, 3363, 0, 126, 7, 265, 42, 55, 84, 0, 0, 0, 0, 343, 184, 307, 313, 0, 3, 0, 0, 1061, 64936, 0, 0, 0, 1718185081.9448571
0, 0, 6, 0, 5, 0, 0, 0, 0, 3300, 0, 0, 0, 3363, 0, 126, 7, 265, 42, 55, 84, 0, 0, 0, 0, 343, 184, 307, 313, 0, 3, 0, 0, 1061, 64936, 0, 0, 0, 1718185082.059546
0, 0, 6, 0, 5, 0, 0, 0, 0, 3300, 0, 0, 0, 3363, 0, 126, 7, 265, 42, 55, 84, 0, 0, 0, 0, 343, 184, 307, 313, 0, 3, 0, 0, 1061, 64936, 0, 0, 0, 1718185082.1712482
0, 0, 6, 0, 5, 0, 0, 0, 0, 3300, 0, 0, 0, 3336, 0, 126, 7, 232, 38, 348, 253, 0, 0, 0, 0, 343, 184, 305, 313, 0, 3, 0, 0, 1061, 64936, 0, 0, 0, 1718185082.287512
0, 0, 6, 0, 5, 0, 0, 0, 0, 3300, 0, 0, 0, 3336, 0, 126, 7, 232, 38, 348, 253, 0, 0, 0, 0, 343, 184, 305, 313, 0, 3, 0, 0, 1061, 64936, 0, 0, 0, 1718185082.397344
0, 0, 6, 0, 5, 0, 0, 0, 0, 3300, 0, 0, 0, 3336, 0, 126, 7, 232, 38, 348, 253, 0, 0, 0, 0, 343, 184, 305, 313, 0, 3, 0, 0, 1061, 64936, 0, 0, 0, 1718185082.5091672
0, 0, 6, 0, 5, 0, 0, 0, 0, 3300, 0, 0, 0, 3336, 0, 126, 7, 232, 38, 348, 253, 0, 0, 0, 0, 343, 184, 305, 313, 0, 3, 0, 0, 1061, 64936, 0, 0, 0, 1718185082.6174662
0, 0, 6, 0, 5, 0, 0, 0, 0, 3300, 0, 0, 0, 3334, 0, 125, 9, 232, 38, 348, 253, 0, 0, 0, 0, 343, 184, 305, 313, 0, 3, 0, 0, 1061, 64936, 0, 0, 0, 1718185082.7265768
0, 0, 6, 0, 5, 0, 0, 0, 0, 3300, 0, 0, 0, 3334, 0, 125, 9, 232, 38, 348, 253, 0, 0, 0, 0, 343, 184, 305, 313, 0, 3, 0, 0, 1061, 64936, 0, 0, 0, 1718185082.837686
0, 0, 6, 0, 5, 0, 0, 0, 0, 3300, 0, 0, 0, 3334, 0, 125, 9, 232, 38, 348, 253, 0, 0, 0, 0, 343, 184, 305, 313, 0, 3, 0, 0, 1061, 64936, 0, 0, 0, 1718185082.947667
0, 0, 6, 0, 5, 0, 0, 0, 0, 3300, 0, 0, 0, 3334, 0, 125, 9, 232, 38, 348, 253, 0, 0, 0, 0, 343, 184, 305, 313, 0, 3, 0, 0, 1061, 64936, 0, 0, 0, 1718185083.0598688
0, 0, 6, 0, 5, 0, 0, 0, 0, 3300, 0, 0, 0, 3331, 0, 126, 9, 232, 38, 348, 253, 0, 0, 0, 0, 343, 184, 305, 313, 0, 3, 0, 0, 1061, 64936, 0, 0, 0, 1718185083.172937
0, 0, 6, 0, 5, 0, 0, 0, 0, 3300, 0, 0, 0, 3331, 0, 126, 9, 232, 38, 348, 253, 0, 0, 0, 0, 343, 184, 305, 313, 0, 3, 0, 0, 1061, 64936, 0, 0, 0, 1718185083.283782
0, 0, 6, 0, 5, 0, 0, 0, 0, 3300, 0, 0, 0, 3331, 0, 126, 9, 232, 38, 348, 253, 0, 0, 0, 0, 343, 184, 305, 313, 0, 3, 0, 0, 1061, 64936, 0, 0, 0, 1718185083.393253
0, 0, 6, 0, 5, 0, 0, 0, 0, 3300, 0, 0, 0, 3331, 0, 126, 9, 232, 38, 348, 253, 0, 0, 0, 0, 343, 184, 305, 313, 0, 3, 0, 0, 1061, 64936, 0, 0, 0, 1718185083.505748
0, 0, 6, 0, 5, 0, 0, 0, 0, 3300, 0, 0, 0, 3328, 0, 126, 9, 232, 38, 348, 253, 0, 0, 0, 0, 343, 184, 305, 313, 0, 3, 0, 0, 1061, 64936, 0, 0, 0, 1718185083.615272
0, 0, 6, 0, 5, 0, 0, 0, 0, 3300, 0, 0, 0, 3328, 0, 126, 9, 232, 38, 348, 253, 0, 0, 0, 0, 343, 184, 305, 313, 0, 3, 0, 0, 1061, 64936, 0, 0, 0, 1718185083.726091
0, 0, 6, 0, 5, 0, 0, 0, 0, 3300, 0, 0, 0, 3328, 0, 127, 9, 232, 38, 348, 253, 0, 0, 0, 0, 343, 184, 305, 313, 0, 3, 0, 0, 1061, 64936, 0, 0, 0, 1718185083.840802
0, 0, 6, 0, 5, 0, 0, 0, 0, 3300, 0, 0, 0, 3328, 0, 127, 9, 232, 38, 348, 253, 0, 0, 0, 0, 343, 184, 305, 313, 0, 3, 0, 0, 1061, 64936, 0, 0, 0, 1718185083.952908
0, 0, 6, 0, 5, 0, 0, 0, 0, 3300, 0, 0, 0, 3326, 0, 127, 9, 223, 34, 340, 247, 0, 0, 0, 0, 344, 184, 307, 313, 0, 3, 0, 0, 1061, 64936, 0, 0, 0, 1718185084.0676842
0, 0, 6, 0, 5, 0, 0, 0, 0, 3300, 0, 0, 0, 3326, 0, 127, 9, 223, 34, 340, 247, 0, 0, 0, 0, 344, 184, 307, 313, 0, 3, 0, 0, 1061, 64936, 0, 0, 0, 1718185084.1783218
0, 0, 6, 0, 5, 0, 0, 0, 0, 3300, 0, 0, 0, 3326, 0, 128, 9, 223, 34, 340, 247, 0, 0, 0, 0, 344, 184, 307, 313, 0, 3, 0, 0, 1061, 64936, 0, 0, 0, 1718185084.294322
0, 0, 6, 0, 5, 0, 0, 0, 0, 3300, 0, 0, 0, 3326, 0, 128, 9, 223, 34, 340, 247, 0, 0, 0, 0, 344, 184, 307, 313, 0, 3, 0, 0, 1061, 64936, 0, 0, 0, 1718185084.408024
0, 0, 6, 0, 5, 0, 0, 0, 0, 3300, 0, 0, 0, 3323, 0, 128, 9, 223, 34, 340, 247, 0, 0, 0, 0, 344, 184, 307, 313, 0, 3, 0, 0, 1061, 64936, 0, 0, 0, 1718185084.524947
0, 0, 6, 0, 5, 0, 0, 0, 0, 3300, 0, 0, 0, 3323, 0, 128, 9, 223, 34, 340, 247, 0, 0, 0, 0, 344, 184, 307, 313, 0, 3, 0, 0, 1061, 64936, 0, 0, 0, 1718185084.636262
0, 0, 6, 0, 5, 0, 0, 0, 0, 3300, 0, 0, 0, 3323, 0, 128, 9, 223, 34, 340, 247, 0, 0, 0, 0, 344, 184, 307, 313, 0, 3, 0, 0, 1061, 64936, 0, 0, 0, 1718185084.7466052
0, 0, 6, 0, 5, 0, 0, 0, 0, 3300, 0, 0, 0, 3323, 0, 124, 10, 223, 34, 340, 247, 0, 0, 0, 0, 344, 184, 307, 313, 0, 3, 0, 0, 1061, 64936, 0, 0, 0, 1718185084.858351
0, 0, 6, 0, 5, 0, 0, 0, 0, 3300, 0, 0, 0, 3320, 0, 124, 10, 223, 34, 340, 247, 0, 0, 0, 0, 344, 184, 307, 313, 0, 3, 0, 0, 1061, 64936, 0, 0, 0, 1718185084.9672692
0, 0, 6, 0, 5, 0, 0, 0, 0, 3300, 0, 0, 0, 3320, 0, 124, 10, 223, 34, 340, 247, 0, 0, 0, 0, 344, 184, 307, 313, 0, 3, 0, 0, 1061, 64936, 0, 0, 0, 1718185085.077894
0, 0, 6, 0, 5, 0, 0, 0, 0, 3300, 0, 0, 0, 3320, 0, 126, 10, 223, 34, 340, 247, 0, 0, 0, 0, 344, 184, 307, 313, 0, 3, 0, 0, 1061, 64936, 0, 0, 0, 1718185085.18896
0, 0, 6, 0, 5, 0, 0, 0, 0, 3300, 0, 0, 0, 3320, 0, 126, 10, 223, 34, 340, 247, 0, 0, 0, 0, 344, 184, 307, 313, 0, 3, 0, 0, 1061, 64936, 0, 0, 0, 1718185085.298562
0, 0, 6, 0, 5, 0, 0, 0, 0, 3300, 0, 0, 0, 3317, 0, 126, 10, 223, 34, 340, 247, 0, 0, 0, 0, 344, 184, 307, 313, 0, 3, 0, 0, 1061, 64936, 0, 0, 0, 1718185085.408784
0, 0, 6, 0, 5, 0, 0, 0, 0, 3300, 0, 0, 0, 3317, 0, 126, 10, 223, 34, 340, 247, 0, 0, 0, 0, 344, 184, 307, 313, 0, 3, 0, 0, 1061, 64936, 0, 0, 0, 1718185085.518529
0, 0, 6, 0, 5, 0, 0, 0, 0, 3300, 0, 0, 0, 3317, 0, 126, 10, 223, 34, 340, 247, 0, 0, 0, 0, 344, 184, 307, 313, 0, 3, 0, 0, 1061, 64936, 0, 0, 0, 1718185085.6293702
0, 0, 6, 0, 5, 0, 0, 0, 0, 3300, 0, 0, 0, 3317, 0, 126, 10, 223, 34, 340, 247, 0, 0, 0, 0, 344, 184, 307, 313, 0, 3, 0, 0, 1061, 64936, 0, 0, 0, 1718185085.741189
0, 0, 6, 0, 5, 0, 0, 0, 0, 3300, 0, 0, 0, 3315, 0, 124, 10, 218, 33, 352, 258, 0, 0, 0, 0, 343, 184, 305, 313, 0, 3, 0, 0, 1061, 64935, 0, 0, 0, 1718185085.8600461
0, 0, 6, 0, 5, 0, 0, 0, 0, 3300, 0, 0, 0, 3315, 0, 124, 10, 218, 33, 352, 258, 0, 0, 0, 0, 343, 184, 305, 313, 0, 3, 0, 0, 1061, 64935, 0, 0, 0, 1718185085.971154
0, 0, 6, 0, 5, 0, 0, 0, 0, 3300, 0, 0, 0, 3315, 0, 124, 10, 218, 33, 352, 258, 0, 0, 0, 0, 343, 184, 305, 313, 0, 3, 0, 0, 1061, 64935, 0, 0, 0, 1718185086.083837
0, 0, 6, 0, 5, 0, 0, 0, 0, 3300, 0, 0, 0, 3315, 0, 124, 10, 218, 33, 352, 258, 0, 0, 0, 0, 343, 184, 305, 313, 0, 3, 0, 0, 1061, 64935, 0, 0, 0, 1718185086.192385
0, 0, 6, 0, 5, 0, 0, 0, 0, 3300, 0, 0, 0, 3312, 0, 124, 10, 218, 33, 352, 258, 0, 0, 0, 0, 343, 184, 305, 313, 0, 3, 0, 0, 1075, 64935, 0, 0, 0, 1718185086.317464
0, 0, 6, 0, 5, 0, 0, 0, 0, 3300, 0, 0, 0, 3312, 0, 123, 11, 218, 33, 352, 258, 0, 0, 0, 0, 343, 184, 305, 313, 0, 3, 0, 0, 1075, 64935, 0, 0, 0, 1718185086.42668
0, 0, 6, 0, 5, 0, 0, 0, 0, 3300, 0, 0, 0, 3312, 0, 123, 11, 218, 33, 352, 258, 0, 0, 0, 0, 343, 184, 305, 313, 0, 3, 0, 0, 1075, 64935, 0, 0, 0, 1718185086.537488
0, 0, 6, 0, 5, 0, 0, 0, 0, 3300, 0, 0, 0, 3312, 0, 123, 11, 218, 33, 352, 258, 0, 0, 0, 0, 343, 184, 305, 313, 0, 3, 0, 0, 1075, 64935, 0, 0, 0, 1718185086.649627
0, 0, 6, 0, 5, 0, 0, 0, 0, 3300, 0, 0, 0, 3309, 0, 123, 11, 218, 33, 352, 258, 0, 0, 0, 0, 343, 184, 305, 313, 0, 3, 0, 0, 1075, 64935, 0, 0, 0, 1718185086.759706
0, 0, 6, 0, 5, 0, 0, 0, 0, 3300, 0, 0, 0, 3309, 0, 125, 10, 218, 33, 352, 258, 0, 0, 0, 0, 343, 184, 305, 313, 0, 3, 0, 0, 1075, 64935, 0, 0, 0, 1718185086.872301
0, 0, 6, 0, 5, 0, 0, 0, 0, 3300, 0, 0, 0, 3309, 0, 125, 10, 218, 33, 352, 258, 0, 0, 0, 0, 343, 184, 305, 313, 0, 3, 0, 0, 1075, 64935, 0, 0, 0, 1718185086.9896488
0, 0, 6, 0, 5, 0, 0, 0, 0, 3300, 0, 0, 0, 3309, 0, 125, 10, 218, 33, 352, 258, 1, 0, 0, 0, 343, 184, 305, 313, 0, 3, 0, 0, 1075, 64935, 70, 0, 0, 1718185087.101048
0, 0, 6, 0, 5, 0, 0, 0, 0, 3300, 0, 0, 0, 3309, 0, 125, 10, 218, 33, 352, 258, 1, 0, 0, 0, 343, 184, 305, 313, 0, 3, 0, 0, 1075, 64935, 70, 0, 0, 1718185087.211404
0, 0, 6, 0, 5, 0, 0, 0, 0, 3300, 0, 0, 0, 3306, 0, 123, 12, 218, 33, 352, 258, 1, 0, 0, 0, 343, 184, 305, 313, 0, 3, 0, 0, 1075, 64935, 70, 0, 0, 1718185087.323116
0, 0, 6, 0, 5, 0, 0, 0, 0, 3300, 0, 0, 0, 3306, 0, 123, 12, 218, 33, 352, 258, 1, 0, 0, 0, 343, 184, 305, 313, 0, 3, 0, 0, 1075, 64935, 70, 0, 0, 1718185087.4368472
0, 0, 6, 0, 5, 0, 0, 0, 0, 3300, 0, 0, 0, 3306, 0, 123, 12, 218, 33, 352, 258, 1, 0, 0, 0, 343, 184, 305, 313, 0, 3, 0, 0, 1075, 64935, 70, 0, 0, 1718185087.548723
0, 0, 6, 0, 5, 0, 0, 0, 0, 3300, 0, 0, 0, 3306, 0, 123, 12, 218, 33, 352, 258, 1, 0, 0, 0, 343, 184, 305, 313, 0, 3, 0, 0, 1075, 64935, 70, 0, 0, 1718185087.6617951
0, 0, 6, 0, 5, 0, 0, 0, 0, 3300, 0, 0, 0, 3304, 0, 125, 12, 218, 33, 352, 258, 1, 0, 0, 0, 343, 184, 305, 313, 0, 3, 0, 0, 1075, 64935, 70, 0, 0, 1718185087.7730849
0, 0, 6, 0, 5, 0, 0, 0, 0, 3300, 0, 0, 0, 3304, 0, 125, 12, 218, 33, 352, 258, 0, 0, 0, 0, 343, 184, 305, 313, 0, 3, 0, 0, 1075, 64935, 0, 0, 0, 1718185087.8902678
0, 0, 6, 0, 5, 0, 0, 0, 0, 3300, 0, 0, 0, 3304, 0, 125, 12, 218, 33, 352, 258, 0, 0, 0, 0, 343, 184, 305, 313, 0, 3, 0, 0, 1075, 64935, 0, 0, 0, 1718185088.001377
0, 0, 6, 0, 5, 0, 0, 0, 0, 3300, 0, 0, 0, 3304, 0, 125, 12, 218, 33, 352, 258, 0, 0, 0, 0, 343, 184, 305, 313, 0, 3, 0, 0, 1075, 64935, 0, 0, 0, 1718185088.110962
0, 0, 6, 0, 5, 0, 0, 0, 0, 3300, 0, 0, 0, 3301, 0, 125, 12, 214, 34, 347, 255, 0, 0, 1, 0, 343, 183, 306, 313, 0, 3, 0, 0, 1075, 64935, 0, 0, 25, 1718185088.222216
0, 0, 6, 0, 5, 0, 0, 0, 0, 3300, 0, 0, 0, 3301, 0, 125, 12, 214, 34, 347, 255, 0, 0, 1, 0, 343, 183, 306, 313, 0, 3, 0, 0, 1075, 64935, 0, 0, 25, 1718185088.332133
0, 0, 6, 0, 5, 0, 0, 0, 0, 3300, 0, 0, 0, 3301, 0, 124, 13, 214, 34, 347, 255, 0, 0, 1, 0, 343, 183, 306, 313, 0, 3, 0, 0, 1075, 64935, 0, 0, 25, 1718185088.4401228
0, 0, 6, 0, 5, 0, 0, 0, 0, 3300, 0, 0, 0, 3301, 0, 124, 13, 214, 34, 347, 255, 0, 0, 1, 0, 343, 183, 306, 313, 0, 3, 0, 0, 1075, 64935, 0, 0, 25, 1718185088.550936
0, 0, 6, 0, 5, 0, 0, 0, 0, 3300, 0, 0, 0, 3298, 0, 124, 13, 214, 34, 347, 255, 0, 0, 1, 0, 343, 183, 306, 313, 0, 3, 0, 0, 1075, 64935, 0, 0, 25, 1718185088.6616619
0, 0, 6, 0, 5, 0, 0, 0, 0, 3300, 0, 0, 0, 3298, 0, 124, 13, 214, 34, 347, 255, 0, 0, 1, 0, 343, 183, 306, 313, 0, 3, 0, 0, 1075, 64935, 0, 0, 25, 1718185088.7731998
0, 0, 6, 0, 5, 0, 0, 0, 0, 3300, 0, 0, 0, 3298, 0, 124, 14, 214, 34, 347, 255, 0, 1, 1, 0, 343, 183, 306, 313, 0, 3, 0, 0, 1075, 64935, 0, 11, 25, 1718185088.883908
0, 0, 6, 0, 5, 0, 0, 0, 0, 3300, 0, 0, 0, 3298, 0, 124, 14, 214, 34, 347, 255, 0, 0, 0, 0, 343, 183, 306, 313, 0, 3, 0, 0, 1075, 64935, 0, 0, 0, 1718185088.9945621
0, 0, 6, 0, 5, 0, 0, 0, 0, 3300, 0, 0, 0, 3296, 0, 124, 14, 214, 34, 347, 255, 0, 0, 0, 0, 343, 183, 306, 313, 0, 3, 0, 0, 1075, 64935, 0, 0, 0, 1718185089.104794
0, 0, 6, 0, 5, 0, 0, 0, 0, 3300, 0, 0, 0, 3296, 0, 124, 14, 214, 34, 347, 255, 0, 0, 0, 0, 343, 183, 306, 313, 0, 3, 0, 0, 1075, 64935, 0, 0, 0, 1718185089.2131982
0, 0, 6, 0, 5, 0, 0, 0, 0, 3300, 0, 0, 0, 3296, 0, 124, 14, 214, 34, 347, 255, 0, 0, 0, 0, 343, 183, 306, 313, 0, 3, 0, 0, 1075, 64935, 0, 0, 0, 1718185089.322301
0, 0, 6, 0, 5, 0, 0, 0, 0, 3300, 0, 0, 0, 3296, 0, 124, 14, 214, 34, 347, 255, 0, 0, 0, 0, 343, 183, 306, 313, 0, 3, 0, 0, 1075, 64935, 0, 0, 0, 1718185089.4371011
0, 0, 6, 0, 5, 0, 0, 0, 0, 3300, 0, 0, 0, 3296, 0, 124, 14, 214, 34, 347, 255, 0, 0, 0, 0, 343, 183, 306, 313, 0, 3, 0, 0, 1075, 64935, 0, 0, 0, 1718185089.547179
0, 0, 6, 0, 5, 0, 0, 0, 0, 3300, 0, 0, 0, 3293, 0, 124, 14, 214, 34, 347, 255, 0, 0, 0, 0, 343, 183, 306, 313, 0, 3, 0, 0, 1075, 64935, 0, 0, 0, 1718185089.656919
0, 0, 6, 0, 5, 0, 0, 0, 0, 3300, 0, 0, 0, 3293, 0, 124, 14, 214, 34, 347, 255, 0, 0, 0, 0, 343, 183, 306, 313, 0, 3, 0, 0, 1075, 64935, 0, 0, 0, 1718185089.770612
0, 0, 6, 0, 5, 0, 0, 0, 0, 3300, 0, 0, 0, 3293, 0, 124, 15, 214, 34, 347, 255, 0, 0, 0, 0, 343, 183, 306, 313, 0, 3, 0, 0, 1075, 64935, 0, 0, 0, 1718185089.884486
0, 0, 6, 0, 5, 0, 0, 0, 0, 3300, 0, 0, 0, 3293, 0, 124, 15, 214, 34, 347, 255, 0, 0, 0, 0, 343, 183, 306, 313, 0, 3, 0, 0, 1075, 64935, 0, 0, 0, 1718185089.992429
0, 0, 6, 0, 5, 0, 0, 0, 0, 3300, 0, 0, 0, 3290, 0, 124, 15, 214, 34, 347, 255, 0, 0, 0, 0, 343, 183, 306, 313, 0, 3, 0, 0, 1075, 64935, 0, 0, 0, 1718185090.10028
0, 0, 6, 0, 5, 0, 0, 0, 0, 3300, 0, 0, 0, 3290, 0, 124, 15, 214, 34, 347, 255, 0, 0, 0, 0, 343, 183, 306, 313, 0, 3, 0, 0, 1075, 64935, 0, 0, 0, 1718185090.211209
0, 0, 6, 0, 5, 0, 0, 0, 0, 3300, 0, 0, 0, 3290, 0, 124, 15, 214, 34, 347, 255, 0, 0, 0, 0, 343, 183, 306, 313, 0, 3, 0, 0, 1075, 64935, 0, 0, 0, 1718185090.323118
0, 0, 6, 0, 5, 0, 0, 0, 0, 3300, 0, 0, 0, 3290, 0, 124, 15, 214, 34, 347, 255, 0, 0, 0, 0, 343, 183, 306, 313, 0, 3, 0, 0, 1075, 64935, 0, 0, 0, 1718185090.433727
0, 0, 6, 0, 5, 0, 0, 0, 0, 3300, 0, 0, 0, 3287, 0, 127, 16, 205, 33, 346, 254, 0, 0, 0, 0, 343, 182, 305, 313, 0, 3, 0, 0, 1075, 64935, 0, 0, 0, 1718185090.545878
0, 0, 6, 0, 5, 0, 0, 0, 0, 3300, 0, 0, 0, 3287, 0, 127, 16, 205, 33, 346, 254, 0, 0, 0, 0, 343, 182, 305, 313, 0, 3, 0, 0, 1075, 64935, 0, 0, 0, 1718185090.654698
0, 0, 6, 0, 5, 0, 0, 0, 0, 3300, 0, 0, 0, 3287, 0, 127, 16, 205, 33, 346, 254, 0, 1, 0, 0, 343, 182, 305, 313, 0, 3, 0, 0, 1075, 64935, 0, 9, 0, 1718185090.764386
0, 0, 6, 0, 5, 0, 0, 0, 0, 3300, 0, 0, 0, 3287, 0, 127, 16, 205, 33, 346, 254, 0, 1, 0, 0, 343, 182, 305, 313, 0, 3, 0, 0, 1075, 64935, 0, 9, 0, 1718185090.8755252
0, 0, 6, 0, 5, 0, 0, 0, 0, 3300, 0, 0, 0, 3284, 0, 127, 16, 205, 33, 346, 254, 0, 0, 0, 0, 343, 182, 305, 313, 0, 3, 0, 0, 1075, 64935, 0, 0, 0, 1718185090.9926422
0, 0, 6, 0, 5, 0, 0, 0, 0, 3300, 0, 0, 0, 3284, 0, 125, 18, 205, 33, 346, 254, 0, 0, 0, 0, 343, 182, 305, 313, 0, 3, 0, 0, 1075, 64935, 0, 0, 0, 1718185091.104032
0, 0, 6, 0, 5, 0, 0, 0, 0, 3300, 0, 0, 0, 3284, 0, 125, 18, 205, 33, 346, 254, 0, 0, 0, 0, 343, 182, 305, 313, 0, 3, 0, 0, 1075, 64935, 0, 0, 0, 1718185091.215456
0, 0, 6, 0, 5, 0, 0, 0, 0, 3300, 0, 0, 0, 3284, 0, 125, 18, 205, 33, 346, 254, 0, 0, 0, 0, 343, 182, 305, 313, 0, 3, 0, 0, 1075, 64935, 0, 0, 0, 1718185091.328011
0, 0, 6, 0, 5, 0, 0, 0, 0, 3300, 0, 0, 0, 3282, 0, 125, 18, 205, 33, 346, 254, 0, 0, 0, 0, 343, 182, 305, 313, 0, 3, 0, 0, 1089, 64935, 0, 0, 0, 1718185091.446284
0, 0, 6, 0, 5, 0, 0, 0, 0, 3300, 0, 0, 0, 3282, 0, 127, 18, 205, 33, 346, 254, 0, 0, 0, 0, 343, 182, 305, 313, 0, 3, 0, 0, 1089, 64935, 0, 0, 0, 1718185091.5577002
0, 0, 6, 0, 5, 0, 0, 0, 0, 3300, 0, 0, 0, 3282, 0, 127, 18, 205, 33, 346, 254, 0, 0, 1, 0, 343, 182, 305, 313, 0, 3, 0, 0, 1089, 64935, 0, 0, 103, 1718185091.671912
0, 0, 6, 0, 5, 0, 0, 0, 0, 3300, 0, 0, 0, 3282, 0, 127, 18, 205, 33, 346, 254, 0, 0, 1, 0, 343, 182, 305, 313, 0, 3, 0, 0, 1089, 64935, 0, 0, 103, 1718185091.7823591
0, 0, 6, 0, 5, 0, 0, 0, 0, 3300, 0, 0, 0, 3282, 0, 127, 18, 205, 33, 346, 254, 0, 0, 1, 0, 343, 182, 305, 313, 0, 3, 0, 0, 1089, 64935, 0, 0, 103, 1718185091.893478
0, 0, 6, 0, 5, 0, 0, 0, 0, 3300, 0, 0, 0, 3279, 0, 127, 19, 205, 33, 346, 254, 0, 0, 0, 0, 343, 182, 305, 313, 0, 3, 0, 0, 1089, 64935, 0, 0, 0, 1718185092.006212
0, 0, 6, 0, 5, 0, 0, 0, 0, 3300, 0, 0, 0, 3279, 0, 127, 19, 205, 33, 346, 254, 0, 0, 0, 0, 343, 182, 305, 313, 0, 3, 0, 0, 1089, 64935, 0, 0, 0, 1718185092.118418
0, 0, 6, 0, 5, 0, 0, 0, 0, 3300, 0, 0, 0, 3279, 0, 127, 19, 205, 33, 346, 254, 0, 0, 0, 0, 343, 182, 305, 313, 0, 3, 0, 0, 1089, 64935, 0, 0, 0, 1718185092.2316768
0, 0, 6, 0, 5, 0, 0, 0, 0, 3300, 0, 0, 0, 3279, 0, 127, 19, 205, 33, 346, 254, 0, 0, 0, 0, 343, 182, 305, 313, 0, 3, 0, 0, 1089, 64935, 0, 0, 0, 1718185092.344219
0, 0, 6, 0, 5, 0, 0, 0, 0, 3300, 0, 0, 0, 3279, 0, 127, 19, 205, 33, 346, 254, 0, 0, 0, 0, 343, 182, 305, 313, 0, 3, 0, 0, 1089, 64935, 0, 0, 0, 1718185092.455638
0, 0, 6, 0, 5, 0, 0, 0, 0, 3300, 0, 0, 0, 3276, 0, 127, 19, 218, 32, 347, 255, 0, 0, 0, 0, 343, 182, 305, 313, 0, 3, 0, 0, 1089, 64935, 0, 0, 0, 1718185092.5689878
0, 0, 6, 0, 5, 0, 0, 0, 0, 3300, 0, 0, 0, 3276, 0, 127, 19, 218, 32, 347, 255, 0, 0, 0, 0, 343, 182, 305, 313, 0, 3, 0, 0, 1089, 64935, 0, 0, 0, 1718185092.679728
0, 0, 6, 0, 5, 0, 0, 0, 0, 3300, 0, 0, 0, 3276, 0, 127, 19, 218, 32, 347, 255, 0, 0, 0, 0, 343, 182, 305, 313, 0, 3, 0, 0, 1089, 64935, 0, 0, 0, 1718185092.7872388
0, 0, 6, 0, 5, 0, 0, 0, 0, 3300, 0, 0, 0, 3273, 0, 127, 19, 218, 32, 347, 255, 0, 0, 0, 0, 343, 182, 305, 313, 0, 3, 0, 0, 1089, 64935, 0, 0, 0, 1718185092.899581
0, 0, 6, 0, 5, 0, 0, 0, 0, 3300, 0, 0, 0, 3273, 0, 125, 20, 218, 32, 347, 255, 0, 0, 0, 0, 343, 182, 305, 313, 0, 3, 0, 0, 1089, 64935, 0, 0, 0, 1718185093.012459
0, 0, 6, 0, 5, 0, 0, 0, 0, 3300, 0, 0, 0, 3273, 0, 125, 20, 218, 32, 347, 255, 0, 0, 0, 0, 343, 182, 305, 313, 0, 3, 0, 0, 1089, 64919, 0, 0, 0, 1718185093.12272
0, 0, 6, 0, 5, 0, 0, 0, 0, 3300, 0, 0, 0, 3273, 0, 125, 20, 218, 32, 347, 255, 0, 0, 0, 0, 343, 182, 305, 313, 0, 3, 0, 0, 1089, 64919, 0, 0, 0, 1718185093.2322528
0, 0, 6, 0, 5, 0, 0, 0, 0, 3300, 0, 0, 0, 3270, 0, 125, 20, 201, 32, 342, 247, 0, 0, 0, 0, 344, 182, 306, 313, 0, 3, 0, 0, 1089, 64919, 0, 0, 0, 1718185093.3424
0, 0, 6, 0, 5, 0, 0, 0, 0, 3300, 0, 0, 0, 3270, 0, 125, 20, 201, 32, 342, 247, 0, 0, 0, 0, 344, 182, 306, 313, 0, 3, 0, 0, 1089, 64919, 0, 0, 0, 1718185093.4521248
0, 0, 6, 0, 5, 0, 0, 0, 0, 3300, 0, 0, 0, 3270, 0, 123, 20, 201, 32, 342, 247, 0, 0, 0, 0, 344, 182, 306, 313, 0, 3, 0, 0, 1089, 64919, 0, 0, 0, 1718185093.559783
0, 0, 6, 0, 5, 0, 0, 0, 0, 3300, 0, 0, 0, 3270, 0, 123, 20, 201, 32, 342, 247, 0, 0, 0, 0, 344, 182, 306, 313, 0, 3, 0, 0, 1089, 64919, 0, 0, 0, 1718185093.669865
0, 0, 6, 0, 5, 0, 0, 0, 0, 3300, 0, 0, 0, 3270, 0, 123, 20, 201, 32, 342, 247, 0, 0, 0, 0, 344, 182, 306, 313, 0, 3, 0, 0, 1089, 64919, 0, 0, 0, 1718185093.7787268
0, 0, 6, 0, 5, 0, 0, 0, 0, 3300, 0, 0, 0, 3267, 0, 123, 20, 201, 32, 342, 247, 0, 0, 0, 0, 344, 182, 306, 313, 0, 3, 0, 0, 1089, 64919, 0, 0, 0, 1718185093.888435
0, 0, 6, 0, 5, 0, 0, 0, 0, 3300, 0, 0, 0, 3267, 0, 123, 20, 201, 32, 342, 247, 1, 0, 0, 0, 344, 182, 306, 313, 0, 3, 0, 0, 1089, 64919, 249, 0, 0, 1718185093.999986
0, 0, 6, 0, 5, 0, 0, 0, 0, 3300, 0, 0, 0, 3267, 0, 125, 21, 201, 32, 342, 247, 1, 0, 0, 0, 344, 182, 306, 313, 0, 3, 0, 0, 1089, 64919, 249, 0, 0, 1718185094.109609
0, 0, 6, 0, 5, 0, 0, 0, 0, 3300, 0, 0, 0, 3267, 0, 125, 21, 201, 32, 342, 247, 1, 0, 0, 0, 344, 182, 306, 313, 0, 3, 0, 0, 1089, 64919, 249, 0, 0, 1718185094.220583
0, 0, 6, 0, 5, 0, 0, 0, 0, 3300, 0, 0, 0, 3264, 0, 125, 21, 201, 32, 342, 247, 1, 0, 0, 0, 344, 182, 306, 313, 0, 3, 0, 0, 1089, 64919, 249, 0, 0, 1718185094.33198
0, 0, 6, 0, 5, 0, 0, 0, 0, 3300, 0, 0, 0, 3264, 0, 125, 21, 201, 32, 342, 247, 1, 0, 0, 0, 344, 182, 306, 313, 0, 3, 0, 0, 1089, 64919, 249, 0, 0, 1718185094.4423418
0, 0, 6, 0, 5, 0, 0, 0, 0, 3300, 0, 0, 0, 3264, 0, 126, 21, 201, 32, 342, 247, 1, 0, 0, 0, 344, 182, 306, 313, 0, 3, 0, 0, 1089, 64919, 249, 0, 0, 1718185094.551189
0, 0, 6, 0, 5, 0, 0, 0, 0, 3300, 0, 0, 0, 3264, 0, 126, 21, 201, 32, 342, 247, 1, 0, 0, 0, 344, 182, 306, 313, 0, 3, 0, 0, 1089, 64919, 249, 0, 0, 1718185094.6602528
0, 0, 6, 0, 5, 0, 0, 0, 0, 3300, 0, 0, 0, 3262, 0, 126, 21, 201, 32, 342, 247, 1, 0, 0, 0, 344, 182, 306, 313, 0, 3, 0, 0, 1089, 64919, 249, 0, 0, 1718185094.7731142
0, 0, 6, 0, 5, 0, 0, 0, 0, 3300, 0, 0, 0, 3262, 0, 126, 21, 201, 32, 342, 247, 1, 0, 0, 0, 344, 182, 306, 313, 0, 3, 0, 0, 1089, 64919, 249, 0, 0, 1718185094.884714
0, 0, 6, 0, 5, 0, 0, 0, 0, 3300, 0, 0, 0, 3262, 0, 124, 22, 201, 32, 342, 247, 0, 0, 1, 0, 344, 182, 306, 313, 0, 3, 0, 0, 1089, 64919, 0, 0, 46, 1718185094.996355
0, 0, 6, 0, 5, 0, 0, 0, 0, 3300, 0, 0, 0, 3262, 0, 124, 22, 201, 32, 342, 247, 0, 0, 1, 0, 344, 182, 306, 313, 0, 3, 0, 0, 1089, 64919, 0, 0, 46, 1718185095.105493
0, 0, 6, 0, 5, 0, 0, 0, 0, 3300, 0, 0, 0, 3259, 0, 124, 22, 201, 32, 342, 247, 0, 0, 1, 0, 344, 182, 306, 313, 0, 3, 0, 0, 1089, 64919, 0, 0, 46, 1718185095.217726
0, 0, 6, 0, 5, 0, 0, 0, 0, 3300, 0, 0, 0, 3259, 0, 124, 22, 201, 32, 342, 247, 0, 0, 1, 0, 344, 182, 306, 313, 0, 3, 0, 0, 1089, 64919, 0, 0, 46, 1718185095.329278
0, 0, 6, 0, 5, 0, 0, 0, 0, 3300, 0, 0, 0, 3259, 0, 124, 22, 201, 32, 342, 247, 0, 0, 1, 0, 344, 182, 306, 313, 0, 3, 0, 0, 1089, 64919, 0, 0, 46, 1718185095.441089
0, 0, 6, 0, 5, 0, 0, 0, 0, 3300, 0, 0, 0, 3259, 0, 124, 22, 201, 32, 342, 247, 0, 0, 1, 0, 344, 182, 306, 313, 0, 3, 0, 0, 1089, 64919, 0, 0, 46, 1718185095.5531762
0, 0, 6, 0, 5, 0, 0, 0, 0, 3300, 0, 0, 0, 3259, 0, 129, 22, 213, 33, 335, 243, 0, 0, 1, 0, 343, 182, 305, 313, 0, 3, 0, 0, 1089, 64919, 0, 0, 46, 1718185095.6619751
0, 0, 6, 0, 5, 0, 0, 0, 0, 3300, 0, 0, 0, 3256, 0, 129, 22, 213, 33, 335, 243, 0, 0, 1, 0, 343, 182, 305, 313, 0, 3, 0, 0, 1089, 64919, 0, 0, 46, 1718185095.774421
0, 0, 6, 0, 5, 0, 0, 0, 0, 3300, 0, 0, 0, 3256, 0, 129, 22, 213, 33, 335, 243, 0, 0, 1, 0, 343, 182, 305, 313, 0, 3, 0, 0, 1089, 64919, 0, 0, 46, 1718185095.8859892
0, 0, 6, 0, 5, 0, 0, 0, 0, 3300, 0, 0, 0, 3256, 0, 129, 22, 213, 33, 335, 243, 0, 0, 0, 0, 343, 182, 305, 313, 0, 3, 0, 0, 1089, 64919, 0, 0, 0, 1718185096.001565
0, 0, 6, 0, 5, 0, 0, 0, 0, 3300, 0, 0, 0, 3256, 0, 129, 22, 213, 33, 335, 243, 0, 0, 0, 0, 343, 182, 305, 313, 0, 3, 0, 0, 1089, 64919, 0, 0, 0, 1718185096.122584
0, 0, 6, 0, 5, 0, 0, 0, 0, 3300, 0, 0, 0, 3253, 0, 128, 23, 213, 33, 335, 243, 0, 0, 0, 0, 343, 182, 305, 313, 0, 3, 0, 0, 1089, 64919, 0, 0, 0, 1718185096.2361379
0, 0, 6, 0, 5, 0, 0, 0, 0, 3300, 0, 0, 0, 3253, 0, 128, 23, 213, 33, 335, 243, 0, 0, 0, 0, 343, 182, 305, 313, 0, 3, 0, 0, 1089, 64919, 0, 0, 0, 1718185096.3487182
0, 0, 6, 0, 5, 0, 0, 0, 0, 3300, 0, 0, 0, 3253, 0, 128, 23, 213, 33, 335, 243, 0, 0, 0, 0, 343, 182, 305, 313, 0, 3, 0, 0, 1089, 64919, 0, 0, 0, 1718185096.466601
0, 0, 6, 0, 5, 0, 0, 0, 0, 3300, 0, 0, 0, 3253, 0, 128, 23, 213, 33, 335, 243, 0, 0, 0, 0, 343, 182, 305, 313, 0, 3, 0, 0, 1089, 64919, 0, 0, 0, 1718185096.574687
0, 0, 6, 0, 5, 0, 0, 0, 0, 3300, 0, 0, 0, 3250, 0, 132, 24, 213, 33, 335, 243, 0, 0, 0, 0, 343, 182, 305, 313, 0, 3, 0, 0, 1089, 64919, 0, 0, 0, 1718185096.685788
0, 0, 6, 0, 5, 0, 0, 0, 0, 3300, 0, 0, 0, 3250, 0, 132, 24, 213, 33, 335, 243, 0, 0, 0, 0, 343, 182, 305, 313, 0, 3, 0, 0, 1089, 64919, 0, 0, 0, 1718185096.798826
0, 0, 6, 0, 5, 0, 0, 0, 0, 3300, 0, 0, 0, 3250, 0, 132, 24, 213, 33, 335, 243, 0, 0, 0, 0, 343, 182, 305, 313, 0, 3, 0, 0, 1089, 64919, 0, 0, 0, 1718185096.915678
0, 0, 6, 0, 5, 0, 0, 0, 0, 3300, 0, 0, 0, 3250, 0, 132, 24, 213, 33, 335, 243, 0, 0, 0, 0, 343, 182, 305, 313, 0, 3, 0, 0, 1089, 64919, 0, 0, 0, 1718185097.033788
0, 0, 6, 0, 5, 0, 0, 0, 0, 3300, 0, 0, 0, 3248, 0, 133, 24, 213, 33, 335, 243, 0, 0, 0, 0, 343, 182, 305, 313, 0, 3, 0, 0, 1089, 64919, 0, 0, 0, 1718185097.1459
0, 0, 6, 0, 5, 0, 0, 0, 0, 3300, 0, 0, 0, 3248, 0, 133, 24, 213, 33, 335, 243, 0, 0, 0, 0, 343, 182, 305, 313, 0, 3, 0, 0, 1089, 64919, 0, 0, 0, 1718185097.260569
0, 0, 6, 0, 5, 0, 0, 0, 0, 3300, 0, 0, 0, 3248, 0, 133, 24, 213, 33, 335, 243, 0, 0, 0, 0, 343, 182, 305, 313, 0, 3, 0, 0, 1089, 64919, 0, 0, 0, 1718185097.370923
0, 0, 6, 0, 5, 0, 0, 0, 0, 3300, 0, 0, 0, 3248, 0, 133, 24, 213, 33, 335, 243, 0, 0, 0, 0, 343, 182, 305, 313, 0, 3, 0, 0, 1103, 64919, 0, 0, 0, 1718185097.480054
0, 0, 6, 0, 5, 0, 0, 0, 0, 3300, 0, 0, 0, 3245, 0, 131, 25, 213, 33, 335, 243, 0, 0, 0, 0, 343, 182, 305, 313, 0, 3, 0, 0, 1103, 64919, 0, 0, 0, 1718185097.590136
0, 0, 6, 0, 5, 0, 0, 0, 0, 3300, 0, 0, 0, 3245, 0, 131, 25, 213, 33, 335, 243, 0, 0, 0, 0, 343, 182, 305, 313, 0, 3, 0, 0, 1103, 64919, 0, 0, 0, 1718185097.702985
0, 0, 6, 0, 5, 0, 0, 0, 0, 3300, 0, 0, 0, 3245, 0, 131, 25, 213, 33, 335, 243, 0, 0, 0, 0, 343, 182, 305, 313, 0, 3, 0, 0, 1103, 64919, 0, 0, 0, 1718185097.813807
0, 0, 6, 0, 5, 0, 0, 0, 0, 3300, 0, 0, 0, 3245, 0, 131, 25, 213, 33, 335, 243, 0, 0, 0, 0, 343, 182, 305, 313, 0, 3, 0, 0, 1103, 64919, 0, 0, 0, 1718185097.922993
0, 0, 6, 0, 5, 0, 0, 0, 0, 3300, 0, 0, 0, 3242, 0, 131, 25, 215, 32, 342, 250, 0, 0, 0, 0, 343, 184, 305, 313, 0, 3, 0, 0, 1103, 64919, 0, 0, 0, 1718185098.034143
0, 0, 6, 0, 5, 0, 0, 0, 0, 3300, 0, 0, 0, 3242, 0, 131, 25, 215, 32, 342, 250, 0, 0, 0, 0, 343, 184, 305, 313, 0, 3, 0, 0, 1103, 64919, 0, 0, 0, 1718185098.143722
0, 0, 6, 0, 5, 0, 0, 0, 0, 3300, 0, 0, 0, 3242, 0, 130, 25, 215, 32, 342, 250, 0, 0, 0, 0, 343, 184, 305, 313, 0, 3, 0, 0, 1103, 64919, 0, 0, 0, 1718185098.25761
0, 0, 6, 0, 5, 0, 0, 0, 0, 3300, 0, 0, 0, 3242, 0, 130, 25, 215, 32, 342, 250, 0, 0, 0, 0, 343, 184, 305, 313, 0, 3, 0, 0, 1103, 64919, 0, 0, 0, 1718185098.372052
0, 0, 6, 0, 5, 0, 0, 0, 0, 3300, 0, 0, 0, 3239, 0, 130, 25, 215, 32, 342, 250, 0, 0, 0, 0, 343, 184, 305, 313, 0, 3, 0, 0, 1103, 64919, 0, 0, 0, 1718185098.4809349
0, 0, 6, 0, 5, 0, 0, 0, 0, 3300, 0, 0, 0, 3239, 0, 130, 25, 215, 32, 342, 250, 0, 0, 0, 0, 343, 184, 305, 313, 0, 3, 0, 0, 1103, 64919, 0, 0, 0, 1718185098.591233
0, 0, 6, 0, 5, 0, 0, 0, 0, 3300, 0, 0, 0, 3239, 0, 131, 25, 215, 32, 342, 250, 0, 0, 0, 0, 343, 184, 305, 313, 0, 3, 0, 0, 1103, 64919, 0, 0, 0, 1718185098.704306
0, 0, 6, 0, 5, 0, 0, 0, 0, 3300, 0, 0, 0, 3239, 0, 131, 25, 215, 32, 342, 250, 0, 0, 0, 0, 343, 184, 305, 313, 0, 3, 0, 0, 1103, 64919, 0, 0, 0, 1718185098.813396
0, 0, 6, 0, 5, 0, 0, 0, 0, 3300, 0, 0, 0, 3236, 0, 131, 25, 215, 32, 342, 250, 0, 0, 0, 0, 343, 184, 305, 313, 0, 3, 0, 0, 1103, 64919, 0, 0, 0, 1718185098.9235141
0, 0, 6, 0, 5, 0, 0, 0, 0, 3300, 0, 0, 0, 3236, 0, 131, 25, 215, 32, 342, 250, 0, 0, 0, 0, 343, 184, 305, 313, 0, 3, 0, 0, 1103, 64919, 0, 0, 0, 1718185099.041139
0, 0, 6, 0, 5, 0, 0, 0, 0, 3300, 0, 0, 0, 3236, 0, 129, 26, 215, 32, 342, 250, 0, 0, 0, 0, 343, 184, 305, 313, 0, 3, 0, 0, 1103, 64919, 0, 0, 0, 1718185099.1537302
0, 0, 6, 0, 5, 0, 0, 0, 0, 3300, 0, 0, 0, 3236, 0, 129, 26, 215, 32, 342, 250, 0, 0, 0, 0, 343, 184, 305, 313, 0, 3, 0, 0, 1103, 64919, 0, 0, 0, 1718185099.2618759
0, 0, 6, 0, 5, 0, 0, 0, 0, 3300, 0, 0, 0, 3234, 0, 129, 26, 215, 32, 342, 250, 0, 0, 0, 0, 343, 184, 305, 313, 0, 3, 0, 0, 1103, 64919, 0, 0, 0, 1718185099.3724391
0, 0, 6, 0, 5, 0, 0, 0, 0, 3300, 0, 0, 0, 3234, 0, 129, 26, 215, 32, 342, 250, 0, 0, 0, 0, 343, 184, 305, 313, 0, 3, 0, 0, 1103, 64919, 0, 0, 0, 1718185099.484152
0, 0, 6, 0, 5, 0, 0, 0, 0, 3300, 0, 0, 0, 3234, 0, 129, 26, 215, 32, 342, 250, 0, 0, 0, 0, 343, 184, 305, 313, 0, 3, 0, 0, 1103, 64919, 0, 0, 0, 1718185099.5949252
0, 0, 6, 0, 5, 0, 0, 0, 0, 3300, 0, 0, 0, 3234, 0, 129, 26, 215, 32, 342, 250, 0, 0, 0, 0, 343, 184, 305, 313, 0, 3, 0, 0, 1103, 64919, 0, 0, 0, 1718185099.706049
0, 0, 6, 0, 5, 0, 0, 0, 0, 3300, 0, 0, 0, 3231, 0, 132, 26, 194, 31, 335, 245, 0, 0, 0, 0, 343, 184, 305, 314, 0, 3, 0, 0, 1103, 64919, 0, 0, 0, 1718185099.81678
0, 0, 6, 0, 5, 0, 0, 0, 0, 3300, 0, 0, 0, 3231, 0, 132, 26, 194, 31, 335, 245, 0, 0, 0, 0, 343, 184, 305, 314, 0, 3, 0, 0, 1103, 64919, 0, 0, 0, 1718185099.926888
0, 0, 6, 0, 5, 0, 0, 0, 0, 3300, 0, 0, 0, 3231, 0, 132, 26, 194, 31, 335, 245, 0, 1, 0, 0, 343, 184, 305, 314, 0, 3, 0, 0, 1103, 64919, 0, 249, 0, 1718185100.036105
0, 0, 6, 0, 5, 0, 0, 0, 0, 3300, 0, 0, 0, 3231, 0, 132, 26, 194, 31, 335, 245, 0, 1, 0, 0, 343, 184, 305, 314, 0, 3, 0, 0, 1103, 64919, 0, 249, 0, 1718185100.1452649
0, 0, 6, 0, 5, 0, 0, 0, 0, 3300, 0, 0, 0, 3228, 0, 131, 27, 194, 31, 335, 245, 0, 1, 0, 0, 343, 184, 305, 314, 0, 3, 0, 0, 1103, 64919, 0, 249, 0, 1718185100.258144
0, 0, 6, 0, 5, 0, 0, 0, 0, 3300, 0, 0, 0, 3228, 0, 131, 27, 194, 31, 335, 245, 0, 1, 0, 0, 343, 184, 305, 314, 0, 3, 0, 0, 1103, 64919, 0, 249, 0, 1718185100.368576
0, 0, 6, 0, 5, 0, 0, 0, 0, 3300, 0, 0, 0, 3228, 0, 131, 27, 194, 31, 335, 245, 0, 1, 0, 0, 343, 184, 305, 314, 0, 3, 0, 0, 1103, 64919, 0, 249, 0, 1718185100.478399
0, 0, 6, 0, 5, 0, 0, 0, 0, 3300, 0, 0, 0, 3228, 0, 131, 27, 194, 31, 335, 245, 0, 1, 0, 0, 343, 184, 305, 314, 0, 3, 0, 0, 1103, 64919, 0, 249, 0, 1718185100.585987
0, 0, 6, 0, 5, 0, 0, 0, 0, 3300, 0, 0, 0, 3225, 0, 131, 27, 194, 31, 335, 245, 0, 1, 0, 0, 343, 184, 305, 314, 0, 3, 0, 0, 1103, 64919, 0, 249, 0, 1718185100.699106
0, 0, 6, 0, 5, 0, 0, 0, 0, 3300, 0, 0, 0, 3225, 0, 134, 27, 194, 31, 335, 245, 0, 1, 0, 0, 343, 184, 305, 314, 0, 3, 0, 0, 1103, 64919, 0, 249, 0, 1718185100.8115342
0, 0, 6, 0, 5, 0, 0, 0, 0, 3300, 0, 0, 0, 3225, 0, 134, 27, 194, 31, 335, 245, 0, 0, 0, 0, 343, 184, 305, 314, 0, 3, 0, 0, 1103, 64919, 0, 0, 0, 1718185100.926768
0, 0, 6, 0, 5, 0, 0, 0, 0, 3300, 0, 0, 0, 3225, 0, 134, 27, 194, 31, 335, 245, 0, 0, 0, 0, 343, 184, 305, 314, 0, 3, 0, 0, 1103, 64919, 0, 0, 0, 1718185101.038784
0, 0, 6, 0, 5, 0, 0, 0, 0, 3300, 0, 0, 0, 3222, 0, 134, 27, 194, 31, 335, 245, 0, 0, 0, 0, 343, 184, 305, 314, 0, 3, 0, 0, 1103, 64919, 0, 0, 0, 1718185101.16105
0, 0, 6, 0, 5, 0, 0, 0, 0, 3300, 0, 0, 0, 3222, 0, 135, 28, 194, 31, 335, 245, 0, 0, 0, 0, 343, 184, 305, 314, 0, 3, 0, 0, 1103, 64919, 0, 0, 0, 1718185101.279976
0, 0, 6, 0, 5, 0, 0, 0, 0, 3300, 0, 0, 0, 3222, 0, 135, 28, 194, 31, 335, 245, 0, 0, 0, 0, 343, 184, 305, 314, 0, 3, 0, 0, 1103, 64919, 0, 0, 0, 1718185101.4000828
0, 0, 6, 0, 5, 0, 0, 0, 0, 3300, 0, 0, 0, 3222, 0, 135, 28, 194, 31, 335, 245, 0, 0, 0, 0, 343, 184, 305, 314, 0, 3, 0, 0, 1103, 64919, 0, 0, 0, 1718185101.5121548
0, 0, 6, 0, 5, 0, 0, 0, 0, 3300, 0, 0, 0, 3220, 0, 135, 28, 194, 31, 335, 245, 0, 0, 0, 0, 343, 184, 305, 314, 0, 3, 0, 0, 1103, 64919, 0, 0, 0, 1718185101.62556
0, 0, 6, 0, 5, 0, 0, 0, 0, 3300, 0, 0, 0, 3220, 0, 135, 28, 194, 31, 335, 245, 0, 0, 0, 0, 343, 184, 305, 314, 0, 3, 0, 0, 1103, 64919, 0, 0, 0, 1718185101.7334552
0, 0, 6, 0, 5, 0, 0, 0, 0, 3300, 0, 0, 0, 3220, 0, 135, 28, 194, 31, 335, 245, 0, 0, 0, 0, 343, 184, 305, 314, 0, 3, 0, 0, 1103, 64919, 0, 0, 0, 1718185101.844435
0, 0, 6, 0, 5, 0, 0, 0, 0, 3300, 0, 0, 0, 3220, 0, 135, 28, 194, 31, 335, 245, 0, 0, 0, 0, 343, 184, 305, 314, 0, 3, 0, 0, 1103, 64919, 0, 0, 0, 1718185101.956724
0, 0, 6, 0, 5, 0, 0, 0, 0, 3300, 0, 0, 0, 3217, 0, 135, 28, 208, 31, 334, 242, 0, 0, 0, 0, 344, 187, 306, 313, 0, 3, 0, 0, 1103, 64919, 0, 0, 0, 1718185102.068922
0, 0, 6, 0, 5, 0, 0, 0, 0, 3300, 0, 0, 0, 3217, 0, 135, 28, 208, 31, 334, 242, 0, 0, 0, 0, 344, 187, 306, 313, 0, 3, 0, 0, 1103, 64919, 0, 0, 0, 1718185102.1755211
0, 0, 6, 0, 5, 0, 0, 0, 0, 3300, 0, 0, 0, 3217, 0, 133, 28, 208, 31, 334, 242, 0, 0, 0, 0, 344, 187, 306, 313, 0, 3, 0, 0, 1103, 64919, 0, 0, 0, 1718185102.288565
0, 0, 6, 0, 5, 0, 0, 0, 0, 3300, 0, 0, 0, 3217, 0, 133, 28, 208, 31, 334, 242, 0, 0, 0, 0, 344, 187, 306, 313, 0, 3, 0, 0, 1103, 64919, 0, 0, 0, 1718185102.4005718
0, 0, 6, 0, 5, 0, 0, 0, 0, 3300, 0, 0, 0, 3217, 0, 133, 28, 208, 31, 334, 242, 0, 0, 0, 0, 344, 187, 306, 313, 0, 3, 0, 0, 1103, 64919, 0, 0, 0, 1718185102.511206
0, 0, 6, 0, 5, 0, 0, 0, 0, 3300, 0, 0, 0, 3214, 0, 133, 28, 208, 31, 334, 242, 0, 0, 0, 0, 344, 187, 306, 313, 0, 3, 0, 0, 1103, 64919, 0, 0, 0, 1718185102.624918
0, 0, 6, 0, 5, 0, 0, 0, 0, 3300, 0, 0, 0, 3214, 0, 133, 28, 208, 31, 334, 242, 0, 0, 0, 0, 344, 187, 306, 313, 0, 3, 0, 0, 1103, 64919, 0, 0, 0, 1718185102.7339132
0, 0, 6, 0, 5, 0, 0, 0, 0, 3300, 0, 0, 0, 3214, 0, 136, 29, 208, 31, 334, 242, 0, 0, 0, 0, 344, 187, 306, 313, 0, 3, 0, 0, 1103, 64919, 0, 0, 0, 1718185102.843392
0, 0, 6, 0, 5, 0, 0, 0, 0, 3300, 0, 0, 0, 3214, 0, 136, 29, 208, 31, 334, 242, 0, 0, 0, 0, 344, 187, 306, 313, 0, 3, 0, 0, 1103, 64919, 0, 0, 0, 1718185102.956424
0, 0, 6, 0, 5, 0, 0, 0, 0, 3300, 0, 0, 0, 3211, 0, 136, 29, 208, 31, 334, 242, 0, 0, 0, 0, 344, 187, 306, 313, 0, 3, 0, 0, 1103, 64919, 0, 0, 0, 1718185103.0644522
0, 0, 6, 0, 5, 0, 0, 0, 0, 3300, 0, 0, 0, 3211, 0, 136, 29, 208, 31, 334, 242, 0, 0, 0, 0, 344, 187, 306, 313, 0, 3, 0, 0, 1103, 64919, 0, 0, 0, 1718185103.1727428
0, 0, 6, 0, 5, 0, 0, 0, 0, 3300, 0, 0, 0, 3211, 0, 135, 29, 208, 31, 334, 242, 0, 0, 0, 0, 344, 187, 306, 313, 0, 3, 0, 0, 1103, 64919, 0, 0, 0, 1718185103.284951
0, 0, 6, 0, 5, 0, 0, 0, 0, 3300, 0, 0, 0, 3211, 0, 135, 29, 208, 31, 334, 242, 0, 0, 0, 0, 344, 187, 306, 313, 0, 3, 0, 0, 1103, 64919, 0, 0, 0, 1718185103.396373
0, 0, 6, 0, 5, 0, 0, 0, 0, 3300, 0, 0, 0, 3208, 0, 135, 29, 208, 31, 334, 242, 0, 0, 0, 0, 344, 187, 306, 313, 0, 3, 0, 0, 1103, 64919, 0, 0, 0, 1718185103.5075982
0, 0, 6, 0, 5, 0, 0, 0, 0, 3300, 0, 0, 0, 3208, 0, 135, 29, 208, 31, 334, 242, 0, 0, 0, 0, 344, 187, 306, 313, 0, 3, 0, 0, 1103, 64919, 0, 0, 0, 1718185103.620085
0, 0, 6, 0, 5, 0, 0, 0, 0, 3300, 0, 0, 0, 3208, 0, 135, 29, 208, 31, 334, 242, 0, 0, 0, 0, 344, 187, 306, 313, 0, 3, 0, 0, 1103, 64919, 0, 0, 0, 1718185103.728348
0, 0, 6, 0, 5, 0, 0, 0, 0, 3300, 0, 0, 0, 3208, 0, 135, 29, 208, 31, 334, 242, 0, 0, 0, 0, 344, 187, 306, 313, 0, 3, 0, 0, 1103, 64919, 0, 0, 0, 1718185103.83953
0, 0, 6, 0, 5, 0, 0, 0, 0, 3300, 0, 0, 0, 3206, 0, 131, 29, 197, 31, 343, 253, 0, 0, 0, 0, 344, 185, 305, 313, 0, 3, 0, 0, 1117, 64919, 0, 0, 0, 1718185103.954154
0, 0, 6, 0, 5, 0, 0, 0, 0, 3300, 0, 0, 0, 3206, 0, 131, 29, 197, 31, 343, 253, 0, 0, 0, 0, 344, 185, 305, 313, 0, 3, 0, 0, 1117, 64919, 0, 0, 0, 1718185104.066986
0, 0, 6, 0, 5, 0, 0, 0, 0, 3300, 0, 0, 0, 3206, 0, 131, 29, 197, 31, 343, 253, 0, 1, 0, 0, 344, 185, 305, 313, 0, 3, 0, 0, 1117, 64919, 0, 210, 0, 1718185104.179517
0, 0, 6, 0, 5, 0, 0, 0, 0, 3300, 0, 0, 0, 3206, 0, 131, 29, 197, 31, 343, 253, 0, 1, 0, 0, 344, 185, 305, 313, 0, 3, 0, 0, 1117, 64919, 0, 210, 0, 1718185104.291919
0, 0, 6, 0, 5, 0, 0, 0, 0, 3300, 0, 0, 0, 3203, 0, 133, 29, 197, 31, 343, 253, 0, 1, 0, 0, 344, 185, 305, 313, 0, 3, 0, 0, 1117, 64919, 0, 210, 0, 1718185104.402456
0, 0, 6, 0, 5, 0, 0, 0, 0, 3300, 0, 0, 0, 3203, 0, 133, 29, 197, 31, 343, 253, 0, 1, 0, 0, 344, 185, 305, 313, 0, 3, 0, 0, 1117, 64919, 0, 210, 0, 1718185104.5097501
0, 0, 6, 0, 5, 0, 0, 0, 0, 3300, 0, 0, 0, 3203, 0, 133, 29, 197, 31, 343, 253, 0, 1, 0, 0, 344, 185, 305, 313, 0, 3, 0, 0, 1117, 64919, 0, 210, 0, 1718185104.620526
0, 0, 6, 0, 5, 0, 0, 0, 0, 3300, 0, 0, 0, 3203, 0, 133, 29, 197, 31, 343, 253, 0, 1, 0, 0, 344, 185, 305, 313, 0, 3, 0, 0, 1117, 64919, 0, 210, 0, 1718185104.731342
0, 0, 6, 0, 5, 0, 0, 0, 0, 3300, 0, 0, 0, 3200, 0, 131, 30, 197, 31, 343, 253, 0, 1, 0, 0, 344, 185, 305, 313, 0, 3, 0, 0, 1117, 64919, 0, 210, 0, 1718185104.848877
0, 0, 6, 0, 5, 0, 0, 0, 0, 3300, 0, 0, 0, 3200, 0, 131, 30, 197, 31, 343, 253, 0, 0, 0, 0, 344, 185, 305, 313, 0, 3, 0, 0, 1117, 64919, 0, 0, 0, 1718185104.961607
0, 0, 6, 0, 5, 0, 0, 0, 0, 3300, 0, 0, 0, 3200, 0, 131, 30, 197, 31, 343, 253, 0, 0, 0, 0, 344, 185, 305, 313, 0, 3, 0, 0, 1117, 64919, 0, 0, 0, 1718185105.075496
0, 0, 6, 0, 5, 0, 0, 0, 0, 3300, 0, 0, 0, 3200, 0, 131, 30, 197, 31, 343, 253, 0, 0, 0, 0, 344, 185, 305, 313, 0, 3, 0, 0, 1117, 64919, 0, 0, 0, 1718185105.1847339
0, 0, 6, 0, 5, 0, 0, 0, 0, 3300, 0, 0, 0, 3197, 0, 131, 30, 197, 31, 343, 253, 0, 0, 0, 0, 344, 185, 305, 313, 0, 3, 0, 0, 1117, 64919, 0, 0, 0, 1718185105.2925599
0, 0, 6, 0, 5, 0, 0, 0, 0, 3300, 0, 0, 0, 3197, 0, 131, 30, 197, 31, 343, 253, 0, 0, 0, 0, 344, 185, 305, 313, 0, 3, 0, 0, 1117, 64919, 0, 0, 0, 1718185105.400557
0, 0, 6, 0, 5, 0, 0, 0, 0, 3300, 0, 0, 0, 3197, 0, 133, 30, 197, 31, 343, 253, 0, 0, 0, 0, 344, 185, 305, 313, 0, 3, 0, 0, 1117, 64919, 0, 0, 0, 1718185105.5103538
0, 0, 6, 0, 5, 0, 0, 0, 0, 3300, 0, 0, 0, 3197, 0, 133, 30, 197, 31, 343, 253, 0, 0, 0, 0, 344, 185, 305, 313, 0, 3, 0, 0, 1117, 64919, 0, 0, 0, 1718185105.621282
0, 0, 6, 0, 5, 0, 0, 0, 0, 3300, 0, 0, 0, 3197, 0, 133, 30, 197, 31, 343, 253, 0, 0, 0, 0, 344, 185, 305, 313, 0, 3, 0, 0, 1117, 64919, 0, 0, 0, 1718185105.7303839
0, 0, 6, 0, 5, 0, 0, 0, 0, 3300, 0, 0, 0, 3197, 0, 134, 30, 210, 33, 343, 254, 0, 0, 0, 0, 343, 183, 303, 313, 0, 3, 0, 0, 1117, 64919, 0, 0, 0, 1718185105.8428411
0, 0, 6, 0, 5, 0, 0, 0, 0, 3300, 0, 0, 0, 3194, 0, 134, 30, 210, 33, 343, 254, 0, 0, 0, 0, 343, 183, 303, 313, 0, 3, 0, 0, 1117, 64919, 0, 0, 0, 1718185105.949803
0, 0, 6, 0, 5, 0, 0, 0, 0, 3300, 0, 0, 0, 3194, 0, 134, 30, 210, 33, 343, 254, 0, 0, 0, 0, 343, 183, 303, 313, 0, 3, 0, 0, 1117, 64919, 0, 0, 0, 1718185106.066726
0, 0, 6, 0, 5, 0, 0, 0, 0, 3300, 0, 0, 0, 3194, 0, 134, 30, 210, 33, 343, 254, 0, 0, 0, 0, 343, 183, 303, 313, 0, 3, 0, 0, 1117, 64919, 0, 0, 0, 1718185106.174338
0, 0, 6, 0, 5, 0, 0, 0, 0, 3300, 0, 0, 0, 3191, 0, 134, 31, 210, 33, 343, 254, 0, 0, 0, 0, 343, 183, 303, 313, 0, 3, 0, 0, 1117, 64919, 0, 0, 0, 1718185106.284142
0, 0, 6, 0, 5, 0, 0, 0, 0, 3300, 0, 0, 0, 3191, 0, 134, 31, 210, 33, 343, 254, 0, 0, 0, 0, 343, 183, 303, 313, 0, 3, 0, 0, 1117, 64919, 0, 0, 0, 1718185106.393207
0, 0, 6, 0, 5, 0, 0, 0, 0, 3300, 0, 0, 0, 3191, 0, 134, 31, 210, 33, 343, 254, 0, 0, 0, 0, 343, 183, 303, 313, 0, 3, 0, 0, 1117, 64919, 0, 0, 0, 1718185106.500052
0, 0, 6, 0, 5, 0, 0, 0, 0, 3300, 0, 0, 0, 3191, 0, 134, 31, 210, 33, 343, 254, 0, 0, 0, 0, 343, 183, 303, 313, 0, 3, 0, 0, 1117, 64919, 0, 0, 0, 1718185106.61266
0, 0, 6, 0, 5, 0, 0, 0, 0, 3300, 0, 0, 0, 3188, 0, 134, 31, 208, 32, 343, 255, 0, 0, 0, 0, 343, 183, 303, 313, 0, 3, 0, 0, 1117, 64919, 0, 0, 0, 1718185106.726311
0, 0, 6, 0, 5, 0, 0, 0, 0, 3300, 0, 0, 0, 3188, 0, 134, 31, 208, 32, 343, 255, 0, 0, 0, 0, 343, 183, 303, 313, 0, 3, 0, 0, 1117, 64919, 0, 0, 0, 1718185106.8373709
0, 0, 6, 0, 5, 0, 0, 0, 0, 3300, 0, 0, 0, 3188, 0, 134, 31, 208, 32, 343, 255, 0, 0, 1, 0, 343, 183, 303, 313, 0, 3, 0, 0, 1117, 64902, 0, 0, 249, 1718185106.948459
0, 0, 6, 0, 5, 0, 0, 0, 0, 3300, 0, 0, 0, 3188, 0, 134, 31, 208, 32, 343, 255, 0, 0, 1, 0, 343, 183, 303, 313, 0, 3, 0, 0, 1117, 64902, 0, 0, 249, 1718185107.05901
0, 0, 6, 0, 5, 0, 0, 0, 0, 3300, 0, 0, 0, 3186, 0, 134, 31, 208, 32, 343, 255, 0, 0, 1, 0, 343, 183, 303, 313, 0, 3, 0, 0, 1117, 64902, 0, 0, 249, 1718185107.172287
0, 0, 6, 0, 5, 0, 0, 0, 0, 3300, 0, 0, 0, 3186, 0, 134, 31, 208, 32, 343, 255, 0, 0, 1, 0, 343, 183, 303, 313, 0, 3, 0, 0, 1117, 64902, 0, 0, 249, 1718185107.28445
0, 0, 6, 0, 5, 0, 0, 0, 0, 3300, 0, 0, 0, 3186, 0, 136, 31, 208, 32, 343, 255, 0, 0, 1, 0, 343, 183, 303, 313, 0, 3, 0, 0, 1117, 64902, 0, 0, 249, 1718185107.4003031
0, 0, 6, 0, 5, 0, 0, 0, 0, 3300, 0, 0, 0, 3186, 0, 136, 31, 208, 32, 343, 255, 0, 0, 1, 0, 343, 183, 303, 313, 0, 3, 0, 0, 1117, 64902, 0, 0, 249, 1718185107.509204
0, 0, 6, 0, 5, 0, 0, 0, 0, 3300, 0, 0, 0, 3183, 0, 136, 31, 208, 32, 343, 255, 0, 0, 1, 0, 343, 183, 303, 313, 0, 3, 0, 0, 1117, 64902, 0, 0, 249, 1718185107.6271648
0, 0, 6, 0, 5, 0, 0, 0, 0, 3300, 0, 0, 0, 3183, 0, 136, 31, 208, 32, 343, 255, 0, 0, 1, 0, 343, 183, 303, 313, 0, 3, 0, 0, 1117, 64902, 0, 0, 249, 1718185107.737673
0, 0, 6, 0, 5, 0, 0, 0, 0, 3300, 0, 0, 0, 3183, 0, 136, 31, 208, 32, 343, 255, 0, 0, 1, 0, 343, 183, 303, 313, 0, 3, 0, 0, 1117, 64902, 0, 0, 249, 1718185107.845206
0, 0, 6, 0, 5, 0, 0, 0, 0, 3300, 0, 0, 0, 3183, 0, 137, 31, 208, 32, 343, 255, 0, 0, 0, 0, 343, 183, 303, 313, 0, 3, 0, 0, 1117, 64902, 0, 0, 0, 1718185107.9586382
0, 0, 6, 0, 5, 0, 0, 0, 0, 3300, 0, 0, 0, 3183, 0, 137, 31, 208, 32, 343, 255, 0, 0, 0, 0, 343, 183, 303, 313, 0, 3, 0, 0, 1117, 64902, 0, 0, 0, 1718185108.068309
0, 0, 6, 0, 5, 0, 0, 0, 0, 3300, 0, 0, 0, 3180, 0, 137, 31, 208, 32, 343, 255, 0, 0, 0, 0, 343, 183, 303, 313, 0, 3, 0, 0, 1117, 64902, 0, 0, 0, 1718185108.178217
0, 0, 6, 0, 5, 0, 0, 0, 0, 3300, 0, 0, 0, 3180, 0, 137, 31, 208, 32, 343, 255, 0, 0, 0, 0, 343, 183, 303, 313, 0, 3, 0, 0, 1117, 64902, 0, 0, 0, 1718185108.2898428
0, 0, 6, 0, 5, 0, 0, 0, 0, 3300, 0, 0, 0, 3180, 0, 137, 31, 208, 32, 343, 255, 0, 0, 0, 0, 343, 183, 303, 313, 0, 3, 0, 0, 1117, 64902, 0, 0, 0, 1718185108.39891
0, 0, 6, 0, 5, 0, 0, 0, 0, 3300, 0, 0, 0, 3180, 0, 137, 31, 208, 32, 343, 255, 0, 0, 0, 0, 343, 183, 303, 313, 0, 3, 0, 0, 1117, 64902, 0, 0, 0, 1718185108.5061362
0, 0, 6, 0, 5, 0, 0, 0, 0, 3300, 0, 0, 0, 3180, 0, 138, 32, 208, 32, 343, 255, 0, 0, 0, 0, 343, 183, 303, 313, 0, 3, 0, 0, 1117, 64902, 0, 0, 0, 1718185108.618985
0, 0, 6, 0, 5, 0, 0, 0, 0, 3300, 0, 0, 0, 3180, 0, 138, 32, 205, 31, 344, 255, 0, 0, 0, 0, 343, 183, 304, 313, 0, 3, 0, 0, 1117, 64902, 0, 0, 0, 1718185108.733603
0, 0, 6, 0, 5, 0, 0, 0, 0, 3300, 0, 0, 0, 3177, 0, 138, 32, 205, 31, 344, 255, 0, 0, 0, 0, 343, 183, 304, 313, 0, 3, 0, 0, 1117, 64902, 0, 0, 0, 1718185108.84279
0, 0, 6, 0, 5, 0, 0, 0, 0, 3300, 0, 0, 0, 3177, 0, 138, 32, 205, 31, 344, 255, 0, 0, 0, 0, 343, 183, 304, 313, 0, 3, 0, 0, 1117, 64902, 0, 0, 0, 1718185108.954506
0, 0, 6, 0, 5, 0, 0, 0, 0, 3300, 0, 0, 0, 3174, 0, 141, 33, 205, 31, 344, 255, 0, 0, 0, 0, 343, 183, 304, 313, 0, 3, 0, 0, 1117, 64902, 0, 0, 0, 1718185109.066539
0, 0, 6, 0, 5, 0, 0, 0, 0, 3300, 0, 0, 0, 3174, 0, 141, 33, 205, 31, 344, 255, 0, 0, 0, 0, 343, 183, 304, 313, 0, 3, 0, 0, 1117, 64902, 0, 0, 0, 1718185109.1782951
0, 0, 6, 0, 5, 0, 0, 0, 0, 3300, 0, 0, 0, 3174, 0, 141, 33, 205, 31, 344, 255, 0, 0, 0, 0, 343, 183, 304, 313, 0, 5, 0, 0, 1117, 64902, 0, 0, 0, 1718185109.289629
0, 0, 6, 0, 5, 0, 0, 0, 0, 3300, 0, 0, 0, 3174, 0, 141, 33, 205, 31, 344, 255, 0, 0, 0, 0, 343, 183, 304, 313, 0, 5, 0, 0, 1117, 64902, 0, 0, 0, 1718185109.399401
0, 0, 6, 0, 5, 0, 0, 0, 0, 3300, 0, 0, 0, 3171, 0, 138, 33, 205, 31, 344, 255, 0, 0, 0, 0, 343, 183, 304, 313, 0, 5, 0, 0, 1117, 64902, 0, 0, 0, 1718185109.5109482
0, 0, 6, 0, 5, 0, 0, 0, 0, 3300, 0, 0, 0, 3171, 0, 138, 33, 205, 31, 344, 255, 0, 0, 0, 0, 343, 183, 304, 313, 0, 5, 0, 0, 1117, 64902, 0, 0, 0, 1718185109.6218328
0, 0, 6, 0, 5, 0, 0, 0, 0, 3300, 0, 0, 0, 3171, 0, 138, 33, 205, 31, 344, 255, 0, 0, 0, 0, 343, 183, 304, 313, 0, 5, 0, 0, 1117, 64902, 0, 0, 0, 1718185109.73006
0, 0, 6, 0, 5, 0, 0, 0, 0, 3300, 0, 0, 0, 3171, 0, 138, 33, 205, 31, 344, 255, 0, 0, 0, 0, 343, 183, 304, 313, 0, 5, 0, 0, 133, 64902, 0, 0, 0, 1718185109.840041
0, 0, 6, 0, 5, 0, 0, 0, 0, 3300, 0, 0, 0, 3171, 0, 138, 33, 205, 31, 344, 255, 0, 0, 0, 0, 343, 183, 304, 313, 0, 5, 0, 0, 133, 64902, 0, 0, 0, 1718185109.95217
0, 0, 6, 0, 5, 0, 0, 0, 0, 3300, 0, 0, 0, 3194, 0, 291, 264, 452, 71, 344, 255, 0, 1, 0, 0, 343, 183, 305, 313, 0, 5, 0, 0, 133, 64902, 0, 29, 0, 1718185110.064613
0, 0, 6, 0, 5, 0, 0, 0, 0, 3300, 0, 0, 0, 3194, 0, 291, 264, 452, 71, 344, 255, 0, 1, 0, 0, 343, 183, 305, 313, 0, 5, 0, 0, 133, 64902, 0, 29, 0, 1718185110.173721
0, 0, 6, 0, 5, 0, 0, 0, 0, 3300, 0, 0, 0, 3194, 0, 291, 264, 452, 71, 344, 255, 0, 1, 0, 0, 343, 183, 305, 313, 0, 5, 0, 0, 133, 64902, 0, 29, 0, 1718185110.2819269
0, 0, 6, 0, 5, 0, 0, 0, 0, 3300, 0, 0, 0, 3194, 0, 291, 264, 452, 71, 344, 255, 0, 1, 0, 0, 343, 183, 305, 313, 0, 5, 0, 0, 133, 64902, 0, 29, 0, 1718185110.392757
0, 0, 6, 0, 5, 0, 0, 0, 0, 3300, 0, 0, 0, 3194, 0, 356, 266, 439, 71, 346, 253, 0, 1, 0, 0, 343, 183, 303, 313, 0, 5, 0, 0, 133, 64902, 0, 29, 0, 1718185110.504221
0, 0, 6, 0, 5, 0, 0, 0, 0, 3300, 0, 0, 0, 3241, 0, 356, 266, 439, 71, 346, 253, 0, 1, 0, 0, 343, 183, 303, 313, 0, 5, 0, 0, 133, 64902, 0, 29, 0, 1718185110.614669
0, 0, 6, 0, 5, 0, 0, 0, 0, 3300, 0, 0, 0, 3286, 0, 356, 266, 439, 71, 346, 253, 0, 1, 0, 0, 343, 183, 303, 313, 0, 5, 0, 0, 133, 64902, 0, 29, 0, 1718185110.730366
0, 0, 6, 0, 5, 0, 0, 0, 0, 3300, 0, 0, 0, 3286, 0, 356, 266, 439, 71, 346, 253, 0, 1, 0, 0, 343, 183, 303, 313, 0, 5, 0, 0, 133, 64902, 0, 29, 0, 1718185110.845917
0, 0, 6, 0, 5, 0, 0, 0, 0, 3300, 0, 0, 0, 3286, 0, 356, 266, 439, 71, 346, 253, 0, 0, 0, 0, 343, 183, 303, 313, 0, 5, 0, 0, 133, 64902, 0, 0, 0, 1718185110.956929
0, 0, 6, 0, 5, 0, 0, 0, 0, 3300, 0, 0, 0, 3286, 0, 356, 271, 439, 71, 346, 253, 0, 0, 0, 0, 343, 183, 303, 313, 0, 5, 0, 0, 133, 64902, 0, 0, 0, 1718185111.070417
0, 0, 6, 0, 5, 0, 0, 0, 0, 3300, 0, 0, 0, 3336, 0, 356, 271, 439, 71, 346, 253, 0, 0, 0, 0, 343, 183, 303, 313, 0, 5, 0, 0, 133, 64902, 0, 0, 0, 1718185111.1835341
0, 0, 6, 0, 5, 0, 0, 0, 0, 3300, 0, 0, 0, 3336, 0, 356, 271, 439, 71, 346, 253, 0, 0, 0, 0, 343, 183, 303, 313, 0, 5, 0, 0, 133, 64902, 0, 0, 0, 1718185111.293953
0, 0, 6, 0, 5, 0, 0, 0, 0, 3300, 0, 0, 0, 3336, 0, 356, 271, 439, 71, 346, 253, 0, 0, 0, 0, 343, 183, 303, 313, 0, 5, 0, 0, 133, 64902, 0, 0, 0, 1718185111.4072409
0, 0, 6, 0, 5, 0, 0, 0, 0, 3300, 0, 0, 0, 3336, 0, 356, 271, 439, 71, 346, 253, 0, 0, 0, 0, 343, 183, 303, 313, 0, 5, 0, 0, 133, 64902, 0, 0, 0, 1718185111.5218492
0, 0, 6, 0, 5, 0, 0, 0, 0, 3300, 0, 0, 0, 3336, 0, 353, 271, 439, 71, 346, 253, 0, 0, 0, 0, 343, 183, 303, 313, 0, 5, 0, 0, 133, 64902, 0, 0, 0, 1718185111.6350248
0, 0, 6, 0, 5, 0, 0, 0, 0, 3300, 0, 0, 0, 3387, 0, 353, 271, 439, 71, 346, 253, 0, 0, 0, 0, 343, 183, 303, 313, 0, 5, 0, 0, 133, 64902, 0, 0, 0, 1718185111.743558
0, 0, 6, 0, 5, 0, 0, 0, 0, 3300, 0, 0, 0, 3387, 0, 353, 271, 439, 71, 346, 253, 0, 0, 0, 0, 343, 183, 303, 313, 0, 5, 0, 0, 133, 64902, 0, 0, 0, 1718185111.854836
0, 0, 6, 0, 5, 0, 0, 0, 0, 3300, 0, 0, 0, 3387, 0, 353, 271, 439, 71, 346, 253, 0, 0, 0, 0, 343, 183, 303, 313, 0, 5, 0, 0, 133, 64902, 0, 0, 0, 1718185111.9658182
0, 0, 6, 0, 5, 0, 0, 0, 0, 3300, 0, 0, 0, 3387, 0, 355, 273, 439, 71, 346, 253, 1, 0, 0, 65226, 343, 183, 303, 313, 0, 5, 0, 0, 133, 64902, 7, 0, 0, 1718185112.084568
0, 0, 6, 0, 5, 0, 0, 0, 0, 3300, 0, 0, 0, 3387, 0, 355, 273, 439, 71, 346, 253, 1, 0, 0, 65226, 343, 183, 303, 313, 0, 5, 0, 0, 133, 64902, 7, 0, 0, 1718185112.203945
0, 0, 6, 0, 5, 0, 0, 0, 0, 3300, 0, 0, 0, 3438, 0, 355, 273, 439, 71, 346, 253, 1, 0, 0, 65226, 343, 183, 303, 313, 0, 5, 0, 0, 133, 64902, 7, 0, 0, 1718185112.315337
0, 0, 6, 0, 5, 0, 0, 0, 0, 3300, 0, 0, 0, 3438, 0, 355, 273, 439, 71, 346, 253, 1, 0, 0, 65226, 343, 183, 303, 313, 0, 5, 0, 0, 133, 64902, 7, 0, 0, 1718185112.4270551
0, 0, 6, 0, 5, 0, 0, 0, 0, 3300, 0, 0, 0, 3438, 0, 355, 273, 439, 71, 346, 253, 1, 0, 0, 65226, 343, 183, 303, 313, 0, 5, 0, 0, 133, 64902, 7, 0, 0, 1718185112.5399601
0, 0, 6, 0, 5, 0, 0, 0, 0, 3300, 0, 0, 0, 3438, 0, 357, 273, 439, 71, 346, 253, 1, 0, 0, 65226, 343, 183, 303, 313, 0, 5, 0, 0, 133, 64902, 7, 0, 0, 1718185112.651882
0, 0, 6, 0, 5, 0, 0, 0, 0, 3300, 0, 0, 0, 3438, 0, 357, 273, 439, 71, 346, 253, 1, 0, 0, 65226, 343, 183, 303, 313, 0, 5, 0, 0, 133, 64902, 7, 0, 0, 1718185112.7613142
0, 0, 6, 0, 5, 0, 0, 0, 0, 3300, 0, 0, 0, 3487, 0, 357, 273, 406, 66, 334, 242, 1, 0, 0, 65226, 343, 182, 305, 313, 0, 5, 0, 0, 133, 64902, 7, 0, 0, 1718185112.87282
0, 0, 6, 0, 5, 0, 0, 0, 0, 3300, 0, 0, 0, 3487, 0, 357, 273, 406, 66, 334, 242, 0, 0, 0, 65226, 343, 182, 305, 313, 0, 5, 0, 0, 133, 64902, 0, 0, 0, 1718185112.980294
0, 0, 6, 0, 5, 0, 0, 0, 0, 3300, 0, 0, 0, 3487, 0, 353, 273, 406, 66, 334, 242, 0, 0, 0, 65226, 343, 182, 305, 313, 0, 5, 0, 0, 133, 64902, 0, 0, 0, 1718185113.0895019
0, 0, 6, 0, 5, 0, 0, 0, 0, 3300, 0, 0, 0, 3487, 0, 353, 273, 406, 66, 334, 242, 0, 0, 0, 65226, 343, 182, 305, 313, 0, 5, 0, 0, 133, 64902, 0, 0, 0, 1718185113.200184
0, 0, 6, 0, 5, 0, 0, 0, 0, 3300, 0, 0, 0, 3487, 0, 353, 273, 406, 66, 334, 242, 0, 0, 0, 65226, 343, 182, 305, 313, 0, 5, 0, 0, 133, 64902, 0, 0, 0, 1718185113.310048
0, 0, 6, 0, 5, 0, 0, 0, 0, 3300, 0, 0, 0, 3534, 0, 353, 273, 406, 66, 334, 242, 0, 0, 0, 65226, 343, 182, 305, 313, 0, 5, 0, 0, 133, 64902, 0, 0, 0, 1718185113.421505
0, 0, 6, 0, 5, 0, 0, 0, 0, 3300, 0, 0, 0, 3534, 0, 356, 276, 436, 68, 343, 253, 0, 0, 0, 65226, 343, 182, 304, 313, 0, 5, 0, 0, 133, 64902, 0, 0, 0, 1718185113.5297549
0, 0, 6, 0, 5, 0, 0, 0, 0, 3300, 0, 0, 0, 3534, 0, 356, 276, 436, 68, 343, 253, 0, 0, 0, 65226, 343, 182, 304, 313, 0, 5, 0, 0, 133, 64902, 0, 0, 0, 1718185113.639334
0, 0, 6, 0, 5, 0, 0, 0, 0, 3300, 0, 0, 0, 3534, 0, 356, 276, 436, 68, 343, 253, 0, 0, 0, 65226, 343, 182, 304, 313, 0, 5, 0, 0, 133, 64902, 0, 0, 0, 1718185113.747222
0, 0, 6, 0, 5, 0, 0, 0, 0, 3300, 0, 0, 0, 3585, 0, 356, 276, 436, 68, 343, 253, 0, 0, 0, 65226, 343, 182, 304, 313, 0, 5, 0, 0, 133, 64902, 0, 0, 0, 1718185113.8572109
0, 0, 6, 0, 5, 0, 0, 0, 0, 3300, 0, 0, 0, 3585, 0, 356, 276, 436, 68, 343, 253, 0, 0, 0, 65226, 343, 182, 304, 313, 0, 5, 0, 0, 133, 64902, 0, 0, 0, 1718185113.971782
0, 0, 6, 0, 5, 0, 0, 0, 0, 3300, 0, 0, 0, 3585, 0, 356, 276, 436, 68, 343, 253, 0, 0, 0, 65226, 343, 182, 304, 313, 0, 5, 0, 0, 133, 64902, 0, 0, 0, 1718185114.080698
0, 0, 6, 0, 5, 0, 0, 0, 0, 3300, 0, 0, 0, 3585, 0, 356, 276, 436, 68, 343, 253, 0, 0, 0, 65226, 343, 182, 304, 313, 0, 5, 0, 0, 133, 64902, 0, 0, 0, 1718185114.1901581
0, 0, 6, 0, 5, 0, 0, 0, 0, 3300, 0, 0, 0, 3585, 0, 356, 276, 436, 68, 343, 253, 0, 0, 0, 65226, 343, 182, 304, 313, 0, 5, 0, 0, 133, 64902, 0, 0, 0, 1718185114.297761
0, 0, 6, 0, 5, 0, 0, 0, 0, 3300, 0, 0, 0, 3631, 0, 356, 276, 436, 68, 343, 253, 0, 0, 0, 65226, 343, 182, 304, 313, 0, 5, 0, 0, 133, 64902, 0, 0, 0, 1718185114.408097
0, 0, 6, 0, 5, 0, 0, 0, 0, 3300, 0, 0, 0, 3631, 0, 356, 276, 436, 68, 343, 253, 0, 0, 0, 65226, 343, 182, 304, 313, 0, 5, 0, 0, 133, 64902, 0, 0, 0, 1718185114.524478
0, 0, 6, 0, 5, 0, 0, 0, 0, 3300, 0, 0, 0, 3631, 0, 357, 276, 436, 68, 343, 253, 0, 0, 0, 65226, 343, 182, 304, 313, 0, 5, 0, 0, 133, 64902, 0, 0, 0, 1718185114.637644
0, 0, 6, 0, 5, 0, 0, 0, 0, 3300, 0, 0, 0, 3631, 0, 357, 276, 436, 68, 343, 253, 0, 0, 0, 65226, 343, 182, 304, 313, 0, 5, 0, 0, 133, 64902, 0, 0, 0, 1718185114.7449942
0, 0, 6, 0, 5, 0, 0, 0, 0, 3300, 0, 0, 0, 3676, 0, 357, 276, 436, 68, 343, 253, 0, 0, 0, 65226, 343, 182, 304, 313, 0, 5, 0, 0, 133, 64902, 0, 0, 0, 1718185114.8585029
0, 0, 6, 0, 5, 0, 0, 0, 0, 3300, 0, 0, 0, 3676, 0, 357, 276, 436, 68, 343, 253, 0, 0, 0, 65226, 343, 182, 304, 313, 0, 5, 0, 0, 133, 64902, 0, 0, 0, 1718185114.96804
0, 0, 6, 0, 5, 0, 0, 0, 0, 3300, 0, 0, 0, 3676, 0, 357, 276, 436, 68, 343, 253, 0, 0, 0, 65226, 343, 182, 304, 313, 0, 5, 0, 0, 133, 64902, 0, 0, 0, 1718185115.077547
0, 0, 6, 0, 5, 0, 0, 0, 0, 3300, 0, 0, 0, 3719, 0, 356, 276, 419, 68, 338, 247, 0, 0, 0, 65226, 343, 183, 305, 314, 0, 5, 0, 0, 133, 64902, 0, 0, 0, 1718185115.1933298
0, 0, 6, 0, 5, 0, 0, 0, 0, 3300, 0, 0, 0, 3719, 0, 356, 276, 419, 68, 338, 247, 0, 0, 0, 65226, 343, 183, 305, 314, 0, 5, 0, 0, 133, 64902, 0, 0, 0, 1718185115.3019772
0, 0, 6, 0, 5, 0, 0, 0, 0, 3300, 0, 0, 0, 3719, 0, 356, 276, 419, 68, 338, 247, 0, 0, 0, 65226, 343, 183, 305, 314, 0, 5, 0, 0, 133, 64902, 0, 0, 0, 1718185115.412523
0, 0, 6, 0, 5, 0, 0, 0, 0, 3300, 0, 0, 0, 3719, 0, 356, 276, 419, 68, 338, 247, 0, 0, 0, 65226, 343, 183, 305, 314, 0, 5, 0, 0, 133, 64902, 0, 0, 0, 1718185115.5272582
0, 0, 6, 0, 5, 0, 0, 0, 0, 3300, 0, 0, 0, 3719, 0, 356, 276, 419, 68, 338, 247, 0, 0, 0, 65226, 343, 183, 305, 314, 0, 5, 0, 0, 133, 64902, 0, 0, 0, 1718185115.635864
0, 0, 6, 0, 5, 0, 0, 0, 0, 3300, 0, 0, 0, 3768, 0, 355, 276, 437, 69, 348, 254, 0, 0, 0, 65226, 343, 182, 304, 313, 0, 5, 0, 0, 133, 64902, 0, 0, 0, 1718185115.747814
0, 0, 6, 0, 5, 0, 0, 0, 0, 3300, 0, 0, 0, 3768, 0, 355, 276, 437, 69, 348, 254, 0, 0, 0, 65226, 343, 182, 304, 313, 0, 5, 0, 0, 133, 64902, 0, 0, 0, 1718185115.8595998
0, 0, 6, 0, 5, 0, 0, 0, 0, 3300, 0, 0, 0, 3768, 0, 355, 276, 437, 69, 348, 254, 0, 0, 0, 65226, 343, 182, 304, 313, 0, 5, 0, 0, 133, 64902, 0, 0, 0, 1718185115.968043
0, 0, 6, 0, 5, 0, 0, 0, 0, 3300, 0, 0, 0, 3768, 0, 355, 276, 437, 69, 348, 254, 0, 0, 0, 65226, 343, 182, 304, 313, 0, 5, 0, 0, 133, 64902, 0, 0, 0, 1718185116.0795588
0, 0, 6, 0, 5, 0, 0, 0, 0, 3300, 0, 0, 0, 3817, 0, 359, 278, 437, 69, 348, 254, 0, 0, 0, 65226, 343, 182, 304, 313, 0, 5, 0, 0, 133, 64902, 0, 0, 0, 1718185116.188148
